8.82
8.40
8.32
7.36
7.06
8.08
8.18
7.74
8.24
8.72
7.81
8.58
8.04
6.70
8.06
7.55
7.78
7.44
8.05
7.56
8.32
7.51
8.45
8.40
8.34
8.83
8.43
7.65
8.15
7.14
7.41
7.45
6.46
7.32
7.24
7.21
6.62
6.02
8.40
7.13
7.57
7.80
7.35
6.93
6.80
7.57
7.78
8.06
7.68
7.52
6.48
7.81
8.21
8.06
7.80
7.38
7.52
8.10
7.31
7.89
8.13
7.85
6.95
7.47
8.03
6.81
7.81
6.90
6.98
7.87
7.87
7.39
7.93
7.36
7.76
7.62
7.94
7.59
7.40
7.33
7.48
7.58
7.48
7.38
6.59
7.90
7.34
7.43
6.94
7.69
6.90
5.11
7.49
8.02
6.94
7.10
7.44
6.99
6.69
7.80
8.33
8.08
7.77
7.00
6.64
7.02
7.07
6.90
7.71
7.54
7.56
7.73
6.44
7.55
8.19
8.48
8.41
8.33
8.41
6.29
7.52
7.05
7.27
7.66
6.92
7.41
6.77
7.19
7.80
7.16
7.38
8.16
7.83
6.68
7.56
7.11
7.48
6.44
7.81
7.43
7.08
6.57
8.81
7.55
7.60
7.52
7.45
7.10
8.56
6.59
7.34
7.10
6.74
6.32
7.67
7.30
6.82
7.33
7.54
7.80
7.53
6.47
8.23
8.12
7.98
6.38
7.28
7.36
7.44
7.31
7.01
7.69
7.35
7.05
6.67
7.46
8.93
7.60
7.31
7.93
6.90
6.25
8.50
7.25
7.55
7.78
7.64
7.87
6.37
7.02
6.19
6.39
6.52
6.11
6.49
7.60
6.90
6.05
6.75
6.78
8.16
6.72
7.85
8.06
7.79
7.03
7.14
6.31
8.18
7.81
6.82
8.25
6.75
8.19
7.44
8.27
7.76
6.69
7.48
7.26
6.95
8.77
7.45
7.18
6.84
7.89
7.66
7.88
7.17
7.97
7.95
7.78
7.53
6.62
6.43
6.76
6.81
6.97
6.96
8.83
8.39
8.28
6.96
7.97
8.05
7.95
7.64
6.82
7.41
6.87
7.31
6.05
7.29
7.30
6.92
7.27
7.04
5.83
7.38
7.60
7.17
6.94
7.17
7.41
6.81
6.68
7.83
7.15
6.99
6.85
6.08
6.43
6.88
6.83
6.75
6.74
6.97
6.38
8.16
7.04
7.65
5.64
7.38
6.04
7.06
6.30
6.17
7.08
6.61
6.95
6.81
6.76
6.40
7.94
6.85
6.11
6.72
6.08
7.93
7.74
7.72
7.16
7.41
7.54
6.10
8.38
7.45
7.75
7.42
7.31
7.64
7.42
6.54
6.36
8.40
7.99
7.68
7.38
7.10
7.16
7.47
7.81
6.30
6.75
6.55
6.42
7.19
7.32
7.29
7.52
5.73
7.74
7.58
6.85
7.12
6.52
6.40
6.05
6.45
6.45
7.62
6.68
6.04
7.20
6.88
7.27
6.71
7.74
8.28
6.80
6.54
6.69
7.34
6.88
6.85
7.57
7.26
7.37
6.55
7.14
7.27
6.80
7.39
8.07
7.91
7.54
7.35
6.96
8.47
7.19
7.25
7.29
7.86
7.97
7.84
7.50
7.98
8.10
6.70
6.72
6.92
7.01
6.73
7.87
7.46
7.38
6.69
2.37
7.36
8.03
6.57
7.39
7.02
6.81
6.75
6.86
6.95
7.22
6.62
6.25
8.05
7.68
8.00
7.74
8.74
7.21
7.89
5.66
7.53
8.23
6.66
6.28
8.22
7.59
7.17
7.42
7.85
6.32
6.72
6.84
7.18
7.62
7.75
7.89
7.69
6.37
7.67
7.06
8.78
6.44
7.25
7.33
7.18
7.76
7.44
7.77
7.46
6.87
8.47
7.93
7.33
6.45
6.65
6.70
6.77
7.82
7.14
7.48
7.79
7.20
7.88
7.57
7.23
7.46
7.48
7.43
8.46
6.90
7.77
7.51
7.57
7.01
7.18
6.86
6.72
6.73
6.27
6.36
7.49
7.05
5.67
6.75
7.45
7.52
7.12
7.03
6.93
5.99
6.33
8.27
8.38
7.00
6.15
7.93
7.85
6.79
7.45
7.50
7.11
7.62
8.48
7.14
7.10
7.29
7.43
7.66
7.31
7.71
7.78
7.89
6.81
7.87
8.14
7.39
5.35
6.95
7.77
7.78
7.41
7.95
6.94
6.18
6.14
6.35
7.17
7.29
7.46
7.89
7.23
6.92
6.41
6.21
6.85
8.41
6.50
7.49
7.01
6.59
6.85
6.68
7.45
7.22
7.57
7.19
7.97
7.87
6.25
8.47
7.45
5.89
6.53
6.35
8.58
7.07
7.04
6.38
7.90
7.74
8.32
7.61
7.69
6.20
8.14
6.73
6.67
7.20
7.59
6.83
6.96
7.10
7.98
7.09
6.57
5.13
7.46
6.73
6.99
7.18
6.91
7.18
7.09
6.55
7.21
6.46
5.82
6.63
7.28
6.43
6.77
6.83
7.67
6.78
5.81
7.16
7.09
6.71
6.91
6.17
5.81
6.79
8.42
7.26
6.95
7.26
7.07
7.47
7.34
6.73
6.99
6.78
7.01
7.02
7.85
8.09
6.87
6.44
6.27
6.91
7.27
6.26
7.29
7.44
7.37
7.37
7.47
8.02
7.11
6.64
6.45
7.39
7.22
7.47
6.81
5.96
6.21
6.95
6.80
7.06
5.24
5.97
6.55
7.24
6.75
5.27
6.66
6.58
6.64
6.57
6.27
7.04
6.88
7.09
7.24
7.63
5.96
6.34
6.91
5.81
7.54
6.90
4.88
6.68
6.54
7.59
7.72
7.46
7.04
7.38
7.39
7.45
6.66
6.64
7.37
8.23
6.45
6.84
5.55
5.21
6.91
7.20
5.23
8.17
7.26
6.46
6.94
6.01
7.42
7.74
7.06
6.96
6.69
6.47
6.99
6.24
6.40
7.00
7.16
5.12
6.38
7.19
5.96
6.24
6.86
7.16
8.32
7.16
6.55
7.21
7.48
7.45
5.13
6.21
6.24
6.50
7.53
6.84
6.30
6.75
8.59
7.98
8.00
8.16
6.74
6.64
7.22
5.92
4.65
7.05
8.03
6.37
7.52
8.04
7.88
7.11
6.82
7.53
6.62
6.99
8.57
7.39
6.72
6.60
7.05
6.98
8.32
7.63
7.47
5.79
6.55
6.33
6.57
9.11
7.63
7.48
6.55
6.01
6.47
6.00
5.97
6.79
7.19
5.93
6.50
7.05
6.37
6.58
7.33
6.28
6.30
6.70
6.28
7.23
7.41
7.43
8.15
6.35
8.06
6.80
8.15
7.56
8.39
6.26
7.45
7.78
7.69
6.06
7.10
6.90
8.11
6.69
6.46
6.86
7.32
7.42
7.41
7.42
7.05
7.24
7.06
7.65
7.88
7.16
8.55
7.47
7.56
7.69
6.12
6.97
7.34
7.00
7.56
6.89
6.46
6.55
8.17
7.96
7.03
7.09
7.33
6.93
6.89
6.99
6.84
7.24
7.09
7.14
7.62
7.36
7.11
6.28
7.72
7.54
7.16
7.45
6.49
6.45
7.24
7.15
6.78
7.70
7.31
6.71
7.16
9.04
6.81
6.59
6.82
6.85
6.69
6.83
6.38
6.75
7.14
7.10
6.20
7.09
8.17
7.40
6.99
6.79
7.18
7.40
7.11
6.91
6.57
7.40
7.97
6.60
7.86
6.44
7.41
7.02
8.06
7.34
7.53
7.51
7.13
8.30
7.36
5.64
6.90
7.73
7.99
7.12
7.70
7.49
7.02
6.89
6.69
7.28
7.37
7.36
5.53
7.84
6.69
6.40
7.03
5.99
5.90
7.08
7.82
7.75
6.75
6.51
6.18
7.27
5.79
7.17
7.02
5.22
8.09
7.99
7.76
7.13
6.60
7.87
6.83
7.81
7.61
7.52
6.69
7.52
7.87
7.78
4.89
7.50
7.79
6.67
7.36
7.09
7.78
7.26
7.30
6.94
6.74
7.15
7.55
7.13
8.13
7.02
7.16
6.25
5.71
7.09
7.64
7.42
5.26
7.03
8.34
7.72
6.88
6.11
6.09
6.07
6.57
7.01
6.69
6.67
6.82
6.63
7.16
7.15
7.60
6.50
7.08
7.54
7.16
5.67
5.29
6.20
6.26
6.44
5.81
5.45
7.52
6.67
7.47
8.16
7.22
6.71
6.93
7.54
6.74
6.34
7.62
6.87
5.42
5.88
7.46
7.20
7.28
7.47
6.87
6.53
6.13
6.67
7.27
7.70
8.07
8.09
7.43
7.56
7.89
6.24
7.44
7.59
7.83
6.14
6.05
6.20
6.33
7.21
4.87
6.83
7.09
5.66
6.16
6.52
7.28
6.81
7.18
7.02
6.91
6.37
5.95
7.29
7.46
7.16
7.05
7.32
6.93
7.10
6.82
7.32
7.34
6.90
7.10
7.01
6.71
7.25
7.25
7.21
6.77
7.12
7.13
6.28
7.28
6.62
8.37
6.71
7.27
7.27
7.49
7.39
6.06
6.75
6.11
7.06
7.06
6.67
5.97
6.14
6.22
6.29
6.49
6.57
5.69
6.80
6.34
6.57
7.24
6.72
7.01
6.12
7.33
6.90
7.47
7.43
7.93
7.03
6.20
5.91
6.71
6.68
7.24
7.06
6.75
6.77
5.82
7.10
6.66
7.02
6.73
6.30
6.65
7.48
7.32
7.02
6.49
6.74
7.62
7.40
6.73
7.18
6.23
6.27
7.53
6.80
7.33
7.40
7.15
7.07
7.16
8.40
7.82
7.51
6.95
7.23
5.62
6.50
6.87
6.91
5.99
6.52
7.54
5.97
6.25
7.13
6.06
6.05
6.22
6.95
7.39
6.73
6.64
6.21
6.62
7.27
7.43
7.49
7.64
7.62
7.55
6.88
5.71
6.03
7.24
6.84
7.02
7.04
7.44
7.65
5.58
7.97
8.03
7.42
7.05
8.26
7.13
7.42
7.07
7.19
6.47
6.64
7.21
6.86
6.81
6.13
6.04
6.10
6.52
5.85
6.31
6.30
6.34
6.39
6.63
6.80
7.37
7.74
6.41
7.71
6.26
6.12
5.42
5.14
5.26
7.46
7.61
6.92
7.41
7.78
6.49
6.73
6.64
6.65
7.33
6.83
7.76
7.45
7.34
7.09
7.21
7.37
6.46
6.78
6.80
6.27
6.78
7.53
6.72
7.41
6.32
6.13
6.51
7.31
7.20
6.38
5.71
6.41
5.46
5.46
5.80
5.68
6.38
3.32
6.47
7.36
6.67
6.16
6.69
6.04
7.27
6.01
5.28
7.64
7.04
7.30
6.47
6.61
6.50
7.29
8.16
8.25
8.42
7.98
8.23
7.56
7.37
6.65
7.29
7.59
7.45
7.38
7.87
7.77
6.90
6.05
7.91
6.36
7.42
8.25
5.95
7.13
6.05
5.84
6.55
6.38
6.49
6.17
7.54
7.52
7.70
7.64
7.72
6.58
7.23
6.97
7.07
7.05
6.95
5.76
6.55
5.93
6.14
6.10
6.29
6.86
6.77
7.41
5.81
7.76
7.29
7.28
7.03
7.32
7.25
7.78
7.48
6.93
7.11
7.33
6.97
7.55
7.93
7.50
6.28
6.48
7.31
8.20
7.04
7.38
6.82
7.16
7.09
7.17
7.34
7.08
7.47
5.98
7.43
5.81
6.47
6.46
6.75
6.94
7.44
4.95
6.19
8.25
7.59
5.34
6.59
7.09
6.55
7.58
6.48
7.84
7.05
6.75
6.20
6.91
8.00
8.12
7.95
7.91
7.59
7.51
7.55
7.56
7.67
7.60
6.74
7.01
8.20
7.76
6.25
8.02
8.18
6.86
7.65
7.05
7.29
7.90
7.15
7.25
6.33
6.56
6.00
6.81
7.28
5.44
6.40
6.97
6.93
6.40
7.04
7.94
8.21
6.38
6.99
6.36
5.61
6.02
6.03
7.11
5.50
7.35
6.95
8.30
7.88
7.38
7.34
7.04
7.40
6.57
5.41
5.01
8.17
7.28
6.95
6.77
7.25
8.71
7.51
6.55
7.25
7.21
7.02
6.89
6.30
7.22
6.79
7.21
6.38
7.45
7.02
6.85
6.31
7.05
7.16
7.20
7.29
7.71
6.26
8.25
5.23
6.29
7.89
7.61
7.20
7.23
8.22
7.64
7.08
7.18
6.56
7.97
6.69
7.09
6.55
8.83
7.22
7.51
7.03
7.69
6.40
6.80
6.34
6.39
7.08
4.36
5.87
7.02
7.21
7.50
7.47
6.39
7.16
6.81
8.08
5.87
5.41
6.89
6.53
6.89
6.57
7.22
7.17
6.96
8.37
7.73
6.55
7.61
7.36
5.74
5.61
7.45
6.71
6.79
7.21
5.95
5.11
5.73
6.02
6.52
6.02
5.10
5.53
6.31
6.92
6.35
7.08
6.21
6.42
6.62
6.64
6.22
7.06
6.91
5.13
5.62
4.81
7.56
6.02
6.01
6.91
4.49
6.99
7.73
7.63
7.33
6.94
7.47
5.68
3.99
6.69
7.14
6.76
6.68
6.49
7.39
5.91
6.02
6.58
5.67
7.02
6.77
6.71
6.47
6.72
6.70
7.37
6.81
6.68
6.54
7.36
6.41
7.58
6.65
7.32
7.50
5.92
7.58
7.16
8.10
7.82
7.50
5.88
6.65
6.68
7.99
7.14
8.46
7.85
6.44
6.02
6.99
6.70
5.41
6.75
6.95
5.67
7.14
7.06
6.06
5.88
6.41
6.76
7.83
7.05
6.91
7.43
7.35
6.60
5.46
7.15
6.97
7.57
8.00
7.29
7.25
6.64
6.48
7.94
7.29
6.79
7.22
6.27
6.08
5.63
6.76
5.88
7.47
5.72
6.59
7.61
6.86
6.81
6.78
5.37
6.78
6.49
6.70
6.88
6.83
6.81
6.80
5.74
6.93
6.72
7.03
5.84
7.47
4.76
5.85
5.95
6.99
6.07
5.99
6.85
5.53
7.54
7.30
5.88
5.74
6.36
7.24
6.40
6.72
6.38
5.90
6.64
5.60
6.55
6.13
7.13
5.85
6.59
5.98
5.94
7.00
6.62
6.65
6.96
7.19
7.04
7.05
6.64
6.89
6.82
7.16
6.97
6.89
6.71
6.60
7.51
6.69
5.75
4.27
7.74
7.46
6.54
6.97
7.92
5.45
5.65
6.36
6.77
7.25
7.92
7.50
7.11
8.24
6.30
7.18
7.75
5.81
6.36
5.33
5.98
7.31
6.63
6.98
6.15
6.71
7.73
6.99
8.40
7.08
7.05
7.27
7.33
7.30
6.75
6.48
6.34
6.49
7.51
6.72
6.59
5.26
6.32
7.11
7.38
6.95
7.31
7.66
6.29
5.92
7.19
6.44
5.94
6.46
6.42
7.10
6.55
7.66
6.20
7.49
6.58
6.44
6.82
6.92
6.46
6.49
6.23
7.32
7.87
7.83
8.41
7.02
7.24
7.07
6.83
6.68
6.36
6.83
7.06
6.89
6.30
6.55
7.33
6.89
6.48
6.80
6.52
7.40
6.72
6.04
6.26
7.91
7.57
6.06
7.60
8.20
7.74
7.12
7.00
6.51
7.61
7.30
7.89
7.17
6.99
7.72
7.08
6.20
5.90
5.99
7.03
6.98
7.29
7.30
5.85
6.99
5.83
5.67
6.29
5.99
6.20
7.27
7.03
8.15
7.21
7.68
6.08
5.39
7.04
6.83
7.10
7.03
6.22
6.96
6.79
6.74
6.34
6.61
7.90
6.76
6.61
7.37
4.31
7.35
7.27
7.37
7.46
5.91
8.23
6.21
6.35
6.70
6.19
6.70
6.57
5.55
7.42
6.29
7.66
6.68
6.58
5.91
6.19
6.06
5.86
4.43
6.33
4.97
6.80
6.74
6.52
7.15
8.78
7.66
5.56
8.16
7.05
5.80
6.46
7.46
6.71
7.17
7.65
7.42
7.52
6.25
7.01
7.08
6.44
6.30
7.37
6.40
5.31
6.34
6.43
8.25
7.75
6.41
6.68
7.01
7.32
6.64
6.78
6.78
8.23
8.03
7.27
7.54
6.76
6.77
6.54
6.67
6.78
7.21
7.18
6.58
6.49
6.59
7.25
6.27
6.77
6.19
6.48
5.71
5.39
7.01
5.80
5.14
5.68
6.35
6.70
6.65
6.63
6.53
6.53
6.04
6.24
6.71
6.31
5.75
5.84
6.54
5.99
6.58
6.71
6.40
7.96
7.18
5.81
6.09
5.92
5.78
5.58
6.28
7.12
6.48
6.70
6.99
5.49
6.80
6.98
5.96
6.26
5.90
5.80
6.15
5.64
7.07
7.63
6.51
6.44
5.32
6.30
6.37
7.95
6.71
6.79
7.44
7.29
7.25
7.26
7.40
7.78
7.43
6.81
7.35
7.21
7.02
6.88
6.89
7.00
7.01
7.29
7.12
7.48
7.50
6.45
6.87
7.55
7.16
6.92
7.17
6.45
6.59
7.22
6.99
6.17
6.47
6.24
6.58
7.43
6.55
8.07
6.95
6.00
4.88
5.48
6.58
7.95
7.14
7.38
6.48
8.11
6.36
6.38
7.11
8.07
8.11
6.79
6.41
6.12
8.19
7.07
6.90
8.30
6.51
5.68
7.16
7.60
7.05
5.94
7.63
7.87
7.21
6.90
6.24
6.84
5.26
7.43
6.06
5.97
5.61
6.03
6.53
6.27
5.61
6.28
7.41
6.43
6.11
6.32
7.64
7.22
7.21
7.02
7.70
7.56
7.50
6.91
7.13
6.63
5.85
5.88
6.62
6.69
6.92
7.74
7.77
7.00
7.54
6.85
5.72
5.30
5.67
6.75
7.28
6.97
6.76
7.26
6.23
7.73
7.51
7.79
7.02
6.93
5.13
6.46
6.56
7.03
8.44
6.55
7.74
5.26
4.80
6.97
6.31
6.15
8.49
6.96
5.60
4.34
8.54
6.55
7.49
7.51
6.85
6.50
7.58
5.61
6.95
6.42
5.92
5.27
6.89
7.25
7.93
6.18
6.51
7.67
7.46
6.75
7.94
6.99
6.60
6.60
6.53
5.86
7.18
7.04
6.39
6.72
7.27
6.72
6.31
7.51
6.26
6.72
6.93
6.74
6.16
6.04
6.49
7.42
7.16
6.80
7.16
6.28
6.52
6.50
6.21
6.12
6.64
6.43
5.89
6.34
5.19
5.85
6.55
7.74
6.21
5.42
6.93
5.48
4.24
6.76
8.00
6.21
6.45
6.56
5.81
5.99
6.27
6.34
7.60
7.20
6.27
7.30
6.83
7.13
7.45
7.59
5.58
5.72
6.05
6.34
6.22
6.13
5.91
5.83
5.94
5.64
5.37
5.49
5.58
6.81
6.78
7.19
7.14
6.68
6.29
6.37
6.28
7.34
5.32
6.99
5.59
5.89
6.40
6.56
5.91
7.18
6.16
6.25
7.22
5.79
5.73
6.01
5.92
6.66
6.33
5.54
5.80
6.02
7.36
5.69
7.35
7.34
6.82
6.26
7.10
6.73
5.61
7.56
7.41
6.59
5.60
6.95
7.81
7.40
6.72
7.27
8.22
7.13
7.06
7.85
6.35
7.45
7.48
7.61
6.74
6.80
5.99
6.72
6.25
7.07
7.27
6.76
8.43
6.74
6.93
6.20
6.41
6.35
7.62
7.43
6.54
7.24
6.23
6.42
7.04
7.02
6.00
6.14
6.06
6.25
6.84
5.93
6.09
6.78
6.72
5.67
5.85
6.49
7.09
6.18
8.12
8.19
7.79
7.84
7.20
5.69
7.81
5.59
6.69
6.83
7.61
7.23
7.49
6.22
5.43
6.73
6.50
6.07
6.45
6.74
6.13
6.10
7.18
7.76
7.43
6.24
6.40
4.59
6.17
5.72
5.36
5.61
6.14
7.35
6.62
7.39
7.02
7.47
7.16
7.20
7.08
6.99
7.01
6.91
6.77
6.73
7.69
7.78
7.35
7.02
6.56
6.79
6.22
6.39
7.86
6.93
6.83
7.43
7.31
7.64
7.37
6.34
7.21
7.55
6.96
5.52
5.85
6.38
5.68
5.90
6.40
6.03
5.62
5.79
6.14
6.73
6.03
6.49
6.53
6.54
6.14
6.32
5.61
6.73
6.00
5.76
7.28
7.25
7.35
6.25
6.73
7.80
7.48
7.63
6.49
5.30
6.63
7.52
6.98
7.45
6.78
7.75
7.73
8.47
6.63
7.13
7.66
8.13
6.52
6.77
6.35
6.25
6.68
6.99
7.12
6.43
6.52
7.05
5.91
6.14
6.82
7.15
7.02
6.86
6.80
8.24
7.87
7.32
6.90
7.49
7.17
5.87
7.29
6.50
5.50
5.29
7.81
7.87
7.05
7.59
7.38
6.87
5.88
5.95
6.50
7.26
6.80
7.13
8.03
6.72
6.04
7.54
6.36
5.94
6.91
6.83
7.03
6.93
6.76
6.00
6.63
8.04
6.76
6.85
6.51
5.64
8.05
7.32
7.04
6.62
6.75
6.80
6.86
7.10
6.48
6.90
6.87
7.39
6.82
5.35
6.59
6.67
5.90
6.63
6.74
5.28
6.74
6.93
6.98
6.49
7.39
7.44
6.77
7.18
7.15
6.80
7.41
7.33
7.47
7.27
7.43
7.26
7.38
7.42
7.25
7.25
7.46
7.33
7.33
7.29
7.20
7.37
7.32
7.51
7.65
7.23
7.39
7.46
7.42
7.20
6.39
7.59
6.77
6.96
7.42
7.00
8.44
6.68
6.53
6.90
6.26
6.25
6.00
7.05
6.21
6.27
6.88
6.66
6.43
6.50
6.65
6.38
6.69
6.56
6.85
6.82
6.86
7.07
6.99
5.71
6.74
6.67
5.44
7.11
6.37
7.02
7.24
7.09
6.59
5.59
5.94
7.01
6.20
7.72
6.96
6.58
5.91
6.96
6.68
5.24
5.90
6.73
6.72
7.37
5.33
7.34
5.51
6.33
6.36
6.55
7.13
5.68
7.66
7.41
7.30
7.04
7.28
7.30
7.05
6.57
7.07
8.09
7.99
6.14
6.06
7.42
6.97
7.15
8.21
6.37
7.90
8.13
5.40
6.66
5.81
7.64
6.71
6.34
6.59
6.99
6.12
3.98
4.27
4.70
5.68
5.72
6.17
5.93
6.85
6.89
5.71
6.84
7.79
5.83
6.38
5.56
6.21
3.47
6.94
6.20
6.81
5.30
7.18
7.46
7.15
7.58
6.69
6.81
7.34
6.70
7.14
6.53
7.40
6.56
7.11
6.85
7.37
6.86
7.17
7.26
7.50
7.31
7.15
7.49
5.52
6.43
6.26
6.19
7.26
6.83
6.24
7.90
8.03
6.26
6.80
7.02
6.20
7.28
7.63
6.59
5.79
5.91
5.64
6.36
6.84
6.63
7.34
7.65
6.22
7.00
6.34
6.28
6.46
5.22
5.99
5.44
6.96
7.17
6.36
6.28
6.57
6.34
5.98
6.97
5.57
6.40
5.84
6.57
6.03
6.49
6.90
6.36
7.60
7.93
7.15
6.18
5.56
6.66
6.56
5.41
7.32
7.29
7.51
8.98
6.80
6.09
7.18
5.97
6.76
6.73
7.16
6.54
7.06
6.47
7.32
8.48
7.53
7.61
8.12
7.41
7.48
6.91
7.51
4.33
7.19
6.92
6.85
6.20
5.51
7.22
6.90
5.52
7.47
6.42
5.63
6.44
5.70
7.29
7.33
7.15
8.13
8.17
6.77
7.51
6.52
5.87
5.98
6.12
5.78
6.66
7.61
7.23
7.81
6.88
6.94
8.37
5.26
7.47
6.81
7.59
4.75
6.99
5.07
5.49
7.48
5.48
6.77
6.27
6.66
5.42
7.76
7.45
7.31
6.70
6.13
4.64
5.41
7.14
7.84
7.13
7.19
7.04
7.30
7.69
8.33
6.69
6.38
6.80
7.39
6.50
6.76
7.38
7.31
6.48
6.86
8.09
6.41
8.21
7.06
6.28
6.82
6.41
6.78
6.81
5.92
5.47
7.18
6.86
7.02
7.10
7.16
5.93
6.66
7.43
6.78
6.18
6.10
5.72
7.30
7.26
6.02
6.30
6.54
7.42
6.90
6.66
6.08
6.79
6.69
7.18
6.11
6.47
6.39
5.68
5.19
6.48
5.50
7.33
6.82
5.70
6.97
7.11
6.00
6.30
6.56
7.45
6.76
6.12
7.22
6.11
6.66
5.51
6.78
6.95
7.36
7.38
7.40
7.71
8.34
8.08
5.50
5.41
6.07
6.93
6.58
6.64
6.46
7.29
6.09
6.20
6.29
6.07
6.19
7.17
7.28
5.00
4.78
6.53
6.33
7.08
6.33
7.23
7.48
5.77
6.93
6.79
6.50
6.49
6.23
7.13
7.17
7.18
5.70
6.90
6.53
6.29
5.93
6.54
6.59
6.30
6.05
6.92
5.46
6.90
7.10
7.62
6.50
8.26
6.63
7.06
6.37
6.15
6.19
6.50
6.85
6.20
6.66
7.31
6.69
5.92
6.91
6.57
6.99
7.54
6.50
6.49
7.41
6.07
7.25
5.63
7.60
6.35
6.35
7.31
7.24
7.28
7.25
7.33
7.34
7.41
8.35
7.01
8.03
7.35
7.35
7.30
6.72
6.44
5.98
6.54
6.55
7.35
7.32
7.00
6.02
5.54
5.15
6.19
7.44
6.11
6.18
6.05
6.75
7.04
6.02
7.49
7.32
7.24
6.79
7.35
6.63
6.54
6.44
6.41
6.30
6.42
6.22
6.60
7.06
6.49
6.79
2.00
6.89
6.35
7.45
6.28
6.68
8.64
7.30
7.26
6.36
6.21
6.61
6.38
7.25
5.27
6.18
6.38
5.45
7.11
7.10
6.41
6.99
7.05
5.49
7.31
6.52
6.38
6.71
6.88
7.16
5.86
6.27
7.12
5.85
7.39
6.21
7.50
7.38
6.98
6.26
7.47
7.19
6.80
6.49
7.52
7.04
6.43
5.83
7.24
6.76
6.94
7.62
6.12
8.20
5.21
7.02
5.57
5.99
6.04
5.77
6.78
6.07
5.68
5.88
6.37
6.75
6.66
5.93
6.66
7.59
5.75
6.79
5.61
6.14
6.52
6.55
5.72
6.38
6.26
7.07
6.67
5.90
6.09
6.51
7.35
7.08
7.62
7.24
5.98
7.11
6.92
6.44
5.66
5.61
5.85
7.16
6.65
6.20
6.65
6.67
7.31
6.79
5.86
6.24
6.53
7.19
7.19
6.34
7.60
6.25
6.24
5.80
7.34
7.02
7.40
6.05
7.24
6.07
7.00
5.38
6.75
6.61
7.75
7.35
7.55
7.51
7.78
6.46
5.77
6.46
6.39
6.85
7.02
6.04
6.77
6.47
7.15
7.10
7.37
7.18
6.72
4.95
7.14
5.83
4.70
6.00
5.90
7.00
7.00
6.74
7.21
6.24
6.42
7.39
6.25
5.67
6.38
5.19
6.90
7.82
5.28
5.55
6.33
7.02
6.65
6.14
5.73
5.54
5.93
5.48
5.51
6.12
4.25
5.90
6.55
5.40
6.74
6.32
5.58
4.88
4.99
5.26
6.03
7.82
6.53
6.99
7.41
6.73
5.85
5.41
5.82
6.12
5.87
7.55
5.97
7.12
5.30
5.38
5.21
5.67
5.32
5.48
7.43
6.00
6.60
6.43
8.02
5.93
7.12
6.89
6.14
7.36
6.21
7.07
5.77
5.36
6.29
5.88
4.95
5.78
5.73
8.08
7.29
7.31
6.22
5.45
5.58
6.28
6.20
6.87
7.77
7.90
5.48
6.58
7.60
7.19
7.01
7.14
6.87
6.48
7.09
6.60
7.26
5.83
7.66
7.37
6.04
6.09
7.00
5.61
5.16
6.86
6.32
7.14
5.55
5.73
6.72
6.23
5.64
5.82
5.76
6.92
5.53
5.80
7.56
7.09
7.09
7.44
7.13
6.85
6.45
5.68
8.10
7.15
6.72
6.07
7.27
6.40
6.89
7.65
7.52
6.19
6.48
6.84
6.30
5.92
6.55
5.79
6.01
6.79
6.89
7.01
6.53
7.29
5.32
8.29
8.26
6.47
5.53
6.08
6.74
7.01
5.85
7.60
7.81
6.83
6.32
6.38
6.11
7.40
6.03
5.85
7.76
7.32
6.67
5.85
7.15
7.27
5.71
7.48
7.15
6.50
7.97
7.08
7.20
7.11
6.52
6.58
6.56
6.15
7.23
6.78
6.18
6.02
6.14
6.93
6.40
6.56
7.09
5.50
6.59
6.54
8.02
8.21
8.53
7.71
6.17
7.43
5.48
6.17
5.28
6.66
4.24
6.34
6.05
6.73
7.09
6.30
6.74
6.56
7.09
6.69
6.21
4.48
5.55
6.18
6.42
5.99
5.85
6.49
6.68
5.52
6.49
5.52
6.77
6.08
7.08
4.50
6.20
6.36
6.78
6.80
7.11
6.42
6.40
6.24
7.83
6.62
5.87
5.68
6.23
6.08
7.09
7.65
6.10
6.82
7.01
6.43
7.42
7.39
5.92
6.55
6.74
7.25
6.65
7.25
6.58
6.71
6.53
6.58
6.32
6.65
6.19
6.47
6.43
5.37
5.35
6.47
6.61
5.76
7.35
6.67
6.25
5.10
5.42
6.13
6.31
6.73
8.29
5.70
6.50
6.39
8.12
5.76
6.68
5.08
6.16
5.52
6.46
6.41
6.73
6.42
6.56
7.31
6.86
5.96
5.83
5.82
6.78
8.21
5.72
4.69
7.74
6.49
6.82
6.30
6.75
7.23
6.73
6.95
5.80
6.69
6.24
7.26
7.11
6.91
5.47
6.07
6.72
5.71
6.87
7.33
7.43
5.13
6.28
6.72
6.85
7.50
5.92
6.54
7.02
7.52
6.24
7.56
6.68
5.74
6.47
5.43
5.42
5.94
5.57
6.31
5.94
6.94
7.02
6.54
6.37
6.65
6.17
6.27
6.46
6.17
6.89
6.14
5.99
6.64
6.37
7.38
5.44
7.16
6.42
6.35
6.43
7.10
6.71
7.37
6.85
6.32
5.53
7.53
7.47
7.61
5.77
6.46
6.42
6.78
7.09
6.76
8.15
6.99
7.36
6.51
5.79
8.14
7.62
7.58
7.40
7.40
6.93
6.63
6.62
6.83
6.48
7.29
6.90
6.92
6.92
7.07
7.97
8.42
7.12
6.92
6.23
6.53
6.97
7.90
6.73
6.10
7.12
6.31
5.07
6.09
5.62
6.52
6.81
5.85
5.84
8.08
8.22
6.69
6.48
7.40
6.72
6.44
6.93
6.15
6.69
6.27
6.03
6.66
6.64
7.28
6.85
7.46
5.82
5.51
5.71
6.93
6.56
8.42
7.21
5.31
6.05
5.63
7.27
8.03
6.27
7.04
6.75
5.40
7.82
4.77
9.06
7.65
6.72
7.57
6.25
7.68
7.51
7.01
7.26
7.92
7.32
6.96
6.74
7.27
6.72
7.23
6.81
7.09
7.07
7.04
6.60
6.02
6.84
6.34
7.24
5.70
6.06
8.45
7.04
7.02
6.57
6.71
7.25
5.10
5.47
5.72
6.88
6.09
5.05
6.62
8.05
8.68
7.22
6.37
6.39
6.84
3.70
7.45
6.61
6.58
5.91
6.77
6.70
7.01
6.93
6.84
5.98
6.73
5.85
6.94
5.94
6.12
5.63
7.08
6.95
6.70
6.86
6.33
6.13
6.28
5.11
6.65
7.22
5.88
5.92
7.28
6.59
6.42
6.42
6.66
6.53
5.15
5.26
5.45
5.15
4.96
5.09
5.23
4.42
4.62
5.68
6.88
5.87
6.93
6.86
7.10
7.75
6.04
6.49
6.28
6.40
6.65
6.66
7.43
6.68
6.65
6.37
6.25
7.94
6.72
6.35
5.91
7.86
5.79
6.48
6.10
6.25
4.80
5.33
6.77
6.84
6.67
6.30
6.11
7.92
6.89
6.50
7.16
8.27
5.55
6.15
6.62
7.40
6.27
6.93
6.87
5.88
5.98
6.03
6.30
6.27
5.72
6.21
6.13
5.50
5.27
5.12
5.73
7.36
6.77
6.64
6.78
6.37
6.53
6.41
6.72
6.71
6.46
6.02
6.59
4.04
6.95
6.39
6.15
7.08
6.64
6.50
5.89
6.00
7.90
5.00
6.96
7.20
7.34
7.47
5.67
6.64
6.20
5.13
5.56
5.81
5.45
5.81
6.13
6.43
8.64
6.30
4.23
6.64
5.33
6.44
7.38
6.30
7.26
6.80
6.40
7.78
6.57
5.78
6.33
6.98
5.04
5.87
5.59
5.76
6.69
5.94
6.37
6.15
6.23
6.49
7.38
6.23
5.82
7.39
6.66
5.60
5.65
7.09
7.14
7.12
6.15
7.69
6.86
5.98
7.20
7.43
7.43
6.48
8.12
5.31
6.17
6.30
6.15
7.13
6.15
6.03
6.17
7.23
5.46
5.45
5.46
6.67
5.34
5.48
6.22
7.45
7.27
5.76
6.76
6.26
6.50
7.48
5.82
5.83
6.32
6.74
8.28
6.84
7.78
7.39
6.24
5.96
5.58
6.05
5.08
6.43
7.14
6.69
7.53
6.52
6.58
5.19
7.11
7.13
8.16
7.13
5.74
5.92
6.75
7.09
8.18
6.76
6.65
6.79
6.68
6.71
7.26
5.90
6.53
6.54
5.67
5.86
6.91
7.05
6.81
7.07
7.79
5.86
8.24
6.53
5.48
5.39
5.70
5.95
5.69
5.57
5.93
6.04
5.96
5.57
5.44
4.71
5.88
7.66
5.75
5.54
5.91
5.62
5.71
7.20
5.96
6.44
6.92
6.91
6.93
5.16
5.47
5.92
7.96
6.70
7.08
7.33
7.47
7.89
6.55
7.34
8.06
8.15
7.30
5.47
6.15
5.87
6.65
6.12
8.17
7.40
5.94
7.21
5.65
6.41
5.84
6.57
4.70
7.05
6.92
8.23
5.76
7.16
6.45
6.89
6.39
6.34
6.69
6.63
4.97
5.84
7.46
6.62
7.61
7.14
8.04
6.56
7.17
7.02
6.76
7.96
6.42
6.43
7.33
6.74
5.21
5.06
7.27
4.83
6.73
7.01
5.37
6.12
8.58
8.16
7.18
7.09
7.18
7.45
6.84
6.91
7.08
8.41
7.29
7.33
7.01
6.96
5.85
5.71
6.17
5.79
6.71
6.49
7.76
7.42
6.55
7.12
7.09
7.83
7.62
7.29
6.25
8.39
6.84
7.33
6.17
6.49
6.48
6.01
7.00
7.54
7.29
6.36
5.67
6.92
5.41
5.48
5.99
6.40
9.26
7.04
6.16
7.63
6.84
6.53
6.44
6.26
7.01
7.05
7.42
6.87
6.67
7.45
6.39
7.14
6.64
5.61
7.04
6.12
5.04
5.55
4.88
7.65
7.25
6.59
6.60
5.93
6.42
6.92
5.80
7.79
6.16
7.25
6.66
5.50
5.99
6.35
5.68
7.09
7.27
7.18
7.22
7.22
6.81
7.07
7.72
8.57
3.97
6.10
6.43
6.10
6.10
6.34
6.34
6.74
7.29
7.07
7.16
6.47
6.62
7.41
7.54
7.72
5.82
7.52
6.22
7.05
5.77
6.55
7.03
4.67
7.56
5.53
6.94
6.83
7.52
7.55
6.78
8.75
6.34
5.95
7.59
6.07
6.52
6.72
7.16
5.89
6.53
7.46
6.80
6.67
7.61
6.57
7.19
6.25
5.52
6.25
6.67
6.26
7.66
7.55
6.46
6.08
6.93
7.12
5.11
8.64
5.33
5.39
6.75
7.67
7.09
6.33
7.93
6.94
6.28
7.11
6.03
6.43
5.21
6.37
5.80
7.47
6.77
6.50
8.46
7.10
7.24
6.37
6.70
7.66
7.33
6.52
7.57
7.40
8.27
6.34
5.86
5.28
6.40
5.24
6.49
5.19
5.38
6.98
6.42
7.28
5.74
5.97
5.87
5.71
4.94
5.90
5.97
6.04
6.02
7.65
8.45
6.25
5.43
6.70
6.68
6.07
7.25
5.63
6.62
6.58
6.52
7.21
8.38
6.26
6.99
6.51
6.50
6.21
6.03
6.78
6.28
6.35
6.62
7.00
6.10
6.81
7.96
5.88
7.70
7.63
6.56
5.99
6.15
7.33
6.87
7.76
6.17
7.14
7.44
5.95
7.41
6.86
6.72
7.92
7.08
6.66
7.55
6.52
5.43
4.37
5.31
4.28
5.66
5.00
5.51
5.03
5.27
5.53
5.69
5.00
5.11
5.85
5.32
5.40
5.95
5.75
5.70
5.20
5.13
4.94
5.26
5.27
6.21
5.75
5.47
5.43
2.98
5.44
5.70
5.19
5.27
5.80
5.63
7.41
6.03
6.63
6.26
6.35
5.48
5.51
5.64
4.30
5.92
7.46
5.95
7.40
6.48
4.96
6.59
5.48
5.85
5.64
5.68
5.36
5.72
5.39
5.87
5.69
5.95
6.74
5.94
4.88
5.08
5.75
6.19
6.28
8.03
5.64
5.59
6.69
6.07
6.57
6.86
5.77
5.51
5.78
5.77
5.57
6.79
6.36
6.43
5.07
7.34
4.72
5.88
5.26
5.79
6.17
7.51
7.23
7.57
6.19
5.87
7.38
8.09
7.87
8.30
8.16
7.45
6.39
5.44
7.06
6.25
8.38
7.22
6.38
7.27
7.56
7.56
7.57
4.96
7.26
7.00
6.28
6.32
5.52
6.93
6.75
6.75
7.82
7.41
7.01
7.25
6.98
6.91
7.42
6.55
5.17
7.36
8.09
6.24
6.97
6.05
5.68
6.87
6.44
5.93
4.64
4.67
4.58
4.40
6.58
6.44
5.42
6.65
6.45
7.00
7.45
6.73
7.12
7.90
5.04
5.92
5.94
6.57
6.52
6.51
6.61
7.58
6.90
6.34
6.77
4.72
5.38
4.98
5.16
5.18
5.49
5.22
5.94
6.26
2.95
5.84
5.16
6.65
6.53
5.95
5.81
6.99
7.10
6.46
7.06
5.12
5.95
6.15
7.52
7.01
7.00
6.53
6.04
6.09
6.35
6.90
6.18
6.34
6.72
5.78
6.18
5.92
7.55
5.79
6.07
6.63
5.51
6.54
6.79
6.58
6.95
8.53
5.60
6.73
7.50
6.80
7.11
6.51
6.68
7.68
7.42
6.72
6.99
7.03
6.82
7.17
7.22
7.48
6.85
5.69
5.98
7.05
6.48
7.26
7.04
7.10
7.60
4.72
7.97
6.76
6.53
5.73
7.32
6.83
7.29
7.90
4.69
6.72
7.44
6.97
6.93
7.95
5.82
6.83
8.19
7.79
7.85
6.93
6.92
5.93
5.65
6.39
4.70
7.46
5.71
7.33
6.74
6.90
6.21
5.70
5.05
6.26
6.45
6.13
6.31
5.87
6.75
5.33
5.96
6.58
6.38
6.30
6.50
5.68
7.18
6.45
6.97
8.64
7.89
7.71
6.73
6.56
6.01
6.76
6.30
6.42
6.76
6.48
5.48
4.98
6.69
6.50
7.37
6.13
7.24
7.70
7.45
7.93
5.16
6.86
7.32
7.29
7.04
6.87
7.30
8.24
7.69
7.14
5.23
7.12
5.51
5.77
7.57
6.01
7.08
6.00
7.30
6.93
7.03
7.13
7.21
6.73
4.50
6.98
8.19
7.87
6.31
7.17
7.12
6.48
6.62
6.40
6.85
6.79
7.57
6.42
6.41
6.86
7.00
6.49
6.42
7.31
5.81
5.78
6.17
6.60
6.38
6.21
6.50
6.88
6.37
6.48
7.22
5.25
6.23
6.40
7.41
7.55
7.07
6.88
7.41
6.46
5.75
6.58
6.08
7.17
5.44
7.19
7.50
6.24
5.55
6.85
6.44
8.40
6.56
7.12
5.01
7.83
8.02
5.97
7.26
6.27
6.64
7.74
6.58
6.63
8.01
7.18
7.40
7.43
6.68
6.20
6.25
5.72
4.92
6.48
7.56
7.43
6.41
7.63
5.97
6.45
6.89
6.06
8.11
6.00
6.33
6.69
4.91
6.38
8.06
6.08
7.76
5.62
6.49
6.55
7.29
6.44
7.28
7.12
8.29
6.66
6.63
6.99
5.88
6.95
6.21
7.04
5.56
6.56
6.32
6.82
8.11
6.63
6.69
7.39
5.84
6.56
6.58
6.10
6.32
5.76
6.30
5.44
5.60
6.83
6.41
6.77
6.69
4.54
5.21
8.39
7.25
7.64
7.11
6.58
6.34
6.25
6.87
7.05
7.27
4.93
5.90
7.49
7.62
7.45
6.25
6.61
7.32
8.07
6.55
8.07
6.71
7.11
7.92
6.44
8.49
7.63
5.86
6.67
7.24
6.25
5.37
7.75
6.65
6.35
6.55
6.48
6.73
7.74
6.21
6.32
7.78
6.09
6.34
6.78
4.76
6.63
3.25
6.78
5.77
6.79
5.07
6.72
6.46
8.33
7.47
6.24
6.49
5.75
6.48
6.73
6.00
6.33
6.20
6.88
6.16
6.84
6.44
6.15
6.31
6.10
8.22
6.11
6.57
7.55
6.92
7.45
7.39
6.76
6.10
5.96
6.93
6.36
6.73
6.94
6.44
6.81
7.01
6.90
6.76
6.91
6.52
8.38
7.20
6.71
7.10
7.36
5.96
5.23
5.59
6.15
7.96
5.16
6.98
7.79
7.73
8.09
5.70
6.74
7.55
5.91
6.74
5.97
7.69
6.99
7.39
6.68
5.64
6.06
6.04
7.60
6.09
8.37
6.35
4.85
5.34
4.27
5.31
4.78
4.89
5.09
4.15
4.35
5.80
5.14
5.09
4.28
4.80
4.59
5.05
5.07
5.45
4.39
5.14
5.32
5.17
4.60
4.94
4.45
5.15
6.82
5.33
5.18
6.44
7.88
8.32
7.18
6.13
6.35
6.25
6.78
6.73
7.48
6.82
6.71
7.09
6.64
6.22
6.97
6.47
6.90
7.47
7.57
7.49
6.30
6.30
7.30
7.07
4.53
7.86
5.86
7.19
7.13
6.24
6.51
6.34
7.58
7.79
7.43
6.25
5.35
5.56
5.47
7.13
6.32
8.37
7.11
5.81
7.38
3.83
7.28
2.78
7.29
7.82
6.82
7.19
6.85
6.24
6.50
6.84
6.99
7.16
6.74
5.69
6.41
7.39
7.19
7.82
6.10
6.57
6.32
7.34
6.27
6.31
6.08
6.34
7.31
6.18
7.11
6.87
6.42
4.83
5.16
3.68
4.16
5.06
4.73
4.52
3.63
4.65
4.48
4.86
5.00
7.61
7.94
7.57
6.58
6.41
7.21
8.26
7.43
7.24
5.41
8.01
7.18
4.74
6.47
7.29
6.71
6.53
7.21
6.74
5.14
6.69
6.57
6.37
7.01
5.79
6.68
7.14
6.59
5.95
6.61
6.90
6.00
7.19
6.87
7.16
5.65
5.75
6.12
6.56
6.54
6.69
5.31
6.16
6.32
6.38
6.44
6.11
6.17
6.57
6.50
6.97
6.44
5.07
4.90
7.90
6.40
5.66
8.06
6.82
6.35
5.37
5.56
6.91
6.29
5.88
6.32
6.88
5.54
6.06
5.53
5.11
7.33
6.13
6.10
5.68
6.46
6.36
7.77
5.21
6.72
6.52
6.75
6.26
6.20
6.58
5.58
7.74
7.95
7.85
6.77
7.16
8.81
5.78
6.86
6.84
6.81
6.94
6.32
6.59
7.47
8.09
4.93
5.31
6.18
6.72
7.12
6.95
5.64
7.02
6.33
6.57
6.58
6.90
6.49
6.33
7.44
6.27
6.21
6.32
6.10
5.50
6.24
6.63
6.88
6.77
5.25
5.27
5.42
5.38
5.62
5.55
4.78
5.79
5.61
6.71
6.28
5.57
6.06
6.30
8.26
5.98
6.27
7.75
8.59
6.21
6.93
5.44
6.73
7.35
5.55
5.08
5.36
6.27
5.19
5.50
6.57
5.48
4.51
5.88
4.88
5.62
6.38
6.25
5.59
5.03
5.98
6.60
5.44
5.72
6.50
5.64
6.40
5.48
6.13
5.40
6.08
6.20
6.86
6.71
6.52
6.24
6.57
6.45
7.02
5.92
6.68
5.44
6.52
6.15
6.17
6.60
6.78
6.95
6.56
6.12
6.55
7.93
6.89
6.76
7.78
7.09
6.34
6.25
6.43
6.56
6.54
6.30
5.97
5.95
8.00
3.75
6.79
6.18
5.78
6.52
7.73
6.50
4.40
6.12
7.09
7.89
5.08
7.71
7.64
7.18
8.49
6.52
7.71
7.47
6.72
6.72
6.46
6.11
7.06
8.35
6.50
6.00
6.30
7.13
7.20
7.03
7.07
6.31
6.64
5.24
8.10
6.55
4.88
5.12
6.45
8.20
5.66
6.32
7.99
7.16
6.40
6.80
6.25
6.31
6.66
7.36
7.40
6.00
6.90
6.39
6.34
7.41
7.70
7.04
7.38
6.25
6.05
6.84
6.67
6.39
5.93
5.51
8.65
5.89
8.14
6.89
5.86
6.76
5.89
6.47
5.10
5.06
4.46
6.48
7.18
6.32
5.59
6.70
5.26
6.15
6.96
6.76
6.94
7.63
7.39
5.69
5.43
6.25
7.49
6.68
6.26
7.56
4.82
4.54
3.56
7.71
7.14
5.83
5.43
6.01
6.28
6.06
7.09
6.19
6.44
7.07
6.62
7.50
5.78
6.54
5.87
5.90
6.37
6.97
7.44
6.96
5.63
6.48
7.93
7.07
5.76
6.37
7.15
6.90
8.18
5.17
6.37
7.39
7.46
6.91
6.44
5.63
7.83
6.97
7.16
7.46
7.63
6.65
6.68
6.60
7.31
6.41
7.50
7.29
6.83
8.24
6.13
6.29
7.28
7.37
6.62
6.60
6.34
8.06
5.00
6.48
6.43
6.37
6.34
6.30
6.38
6.53
6.66
6.56
6.39
6.23
5.76
7.34
6.05
6.34
5.45
6.20
6.08
6.65
6.58
6.58
6.81
6.38
7.69
6.07
6.00
6.46
6.53
6.29
7.62
6.13
7.18
6.82
6.61
6.05
6.38
6.58
6.25
7.67
5.71
5.68
5.91
5.35
6.91
5.40
6.78
5.87
6.38
7.10
6.81
6.11
6.35
6.00
7.67
4.63
6.77
7.53
7.75
6.69
6.39
7.15
6.08
5.88
6.00
7.01
6.45
7.05
6.56
6.45
6.24
7.25
6.39
6.87
6.59
5.68
6.43
6.60
8.02
7.90
6.22
6.72
6.17
7.60
6.35
7.67
6.57
6.00
5.42
6.11
6.43
6.38
5.93
7.09
5.04
5.47
5.06
5.27
7.07
7.26
7.07
6.96
7.21
7.23
7.22
6.85
6.88
6.77
6.93
7.38
5.41
6.47
6.58
7.14
6.00
7.86
8.04
6.15
6.90
6.48
6.81
5.80
7.04
7.39
7.36
8.23
7.80
6.25
7.08
6.68
7.02
6.22
6.06
6.18
6.42
6.49
6.35
6.74
7.47
7.51
6.24
6.88
5.74
7.23
7.60
5.68
7.95
7.54
4.70
6.64
6.12
6.35
5.64
5.91
5.31
6.06
6.58
6.71
6.36
6.70
6.75
7.86
7.98
6.60
5.22
4.77
6.08
5.77
6.77
7.95
5.88
7.73
6.37
6.91
6.64
5.87
6.73
6.73
6.47
6.42
6.34
6.09
6.51
5.83
7.60
6.62
6.25
5.52
4.50
5.11
6.41
6.35
6.18
6.67
6.84
6.58
4.93
7.95
5.90
7.04
5.68
5.79
7.13
5.92
6.80
7.59
6.73
5.77
5.62
5.09
4.80
4.86
6.87
6.64
6.09
6.41
5.99
6.47
5.81
5.77
4.86
4.80
5.92
7.16
6.06
6.10
5.79
6.73
4.97
7.71
7.57
7.02
7.43
5.40
5.27
5.28
5.55
5.59
7.59
3.73
5.53
5.79
5.61
5.74
6.83
6.01
6.08
6.66
5.51
6.71
5.03
5.45
5.48
5.35
5.95
5.84
6.06
7.48
7.05
5.14
5.07
5.52
5.13
5.10
8.16
6.47
6.48
4.45
4.89
5.55
6.92
6.89
7.44
6.47
6.46
6.64
7.08
7.53
7.49
5.45
5.56
5.47
5.96
5.17
5.52
6.76
6.80
6.26
7.79
6.90
6.99
6.35
6.57
6.00
5.63
6.42
6.63
6.39
7.67
6.23
6.34
6.62
6.10
7.37
6.72
6.06
7.13
5.58
5.61
7.66
5.45
6.64
6.57
7.29
6.41
5.65
5.78
6.49
6.63
6.93
7.25
7.34
7.24
6.84
6.25
5.87
6.11
4.62
6.22
7.37
5.37
5.99
7.84
6.13
6.54
6.75
5.17
6.71
5.47
6.84
5.07
5.26
4.06
6.42
6.42
5.98
6.25
6.60
6.55
6.59
5.06
5.91
6.41
7.20
6.63
5.44
7.66
7.15
7.79
6.79
6.28
6.95
6.28
5.74
6.18
6.40
7.38
6.46
6.42
7.59
6.37
7.49
6.55
6.81
7.12
6.23
6.01
7.56
5.82
7.23
4.45
6.89
7.79
6.93
7.76
7.36
7.85
6.62
6.60
6.02
8.01
5.92
6.83
6.19
6.39
6.42
6.78
7.37
6.78
7.34
6.47
7.54
6.98
8.36
7.50
7.73
7.00
7.21
6.45
6.31
6.37
6.49
5.96
5.60
6.32
5.54
6.33
7.61
7.11
7.77
6.56
6.62
8.13
5.98
5.64
5.61
7.49
6.61
5.15
6.12
6.08
6.08
7.35
6.47
6.55
6.35
7.94
9.17
6.36
5.14
8.45
6.07
5.70
6.05
5.92
6.23
5.74
6.38
7.74
8.03
6.37
6.60
6.12
5.38
4.94
6.94
6.58
6.60
7.15
6.22
7.06
4.15
5.30
4.73
7.37
5.74
6.00
5.90
5.94
6.76
6.93
7.08
7.36
6.56
6.25
6.78
5.17
6.00
6.33
7.50
5.66
4.69
5.71
6.52
6.53
7.15
7.03
7.11
5.67
6.65
4.33
6.83
7.40
5.41
5.76
6.73
5.89
7.55
7.20
5.14
5.65
6.58
7.33
7.83
6.10
6.00
6.07
6.42
6.52
6.54
5.59
6.00
6.58
7.67
6.50
6.69
5.99
6.53
6.67
6.58
6.24
6.36
5.90
5.57
5.90
7.11
6.22
7.82
6.72
6.15
5.58
5.86
5.88
6.41
6.08
7.99
6.41
7.80
6.56
5.76
6.14
5.12
6.65
6.67
6.73
5.39
6.00
5.64
5.94
6.00
5.86
4.38
4.53
5.27
5.47
5.35
7.82
8.04
6.77
6.90
6.78
6.43
5.88
5.23
6.35
6.97
6.43
6.04
6.64
5.86
7.22
5.22
7.25
7.13
5.94
7.42
6.53
7.19
7.00
6.67
6.72
6.65
5.80
5.63
7.94
6.40
6.95
6.15
6.77
6.11
6.34
6.50
6.42
6.34
6.32
5.96
5.49
6.13
5.95
7.45
6.46
8.34
6.93
6.84
5.97
5.81
7.03
6.49
7.26
6.08
5.68
8.17
5.65
6.13
5.88
7.12
6.97
5.21
6.58
6.42
7.01
6.75
5.92
7.06
7.12
6.06
6.55
7.16
7.96
6.38
6.01
7.21
7.89
8.31
6.81
6.52
5.79
4.98
7.77
6.39
7.08
6.83
7.70
6.68
8.51
6.55
7.81
6.70
6.25
5.67
6.83
6.69
7.06
5.06
6.37
6.37
6.29
7.82
7.66
6.62
7.87
6.42
7.40
6.27
6.59
6.00
6.08
7.13
6.54
4.56
6.94
6.06
6.75
6.75
6.00
7.02
7.18
6.81
6.38
6.79
6.33
6.49
6.78
5.85
6.12
6.04
7.58
6.81
7.65
6.24
6.46
5.55
5.31
5.60
6.17
6.59
6.82
5.67
5.51
8.36
7.56
7.96
6.04
5.18
7.07
6.96
6.04
4.91
6.35
6.60
7.14
6.93
6.99
5.29
5.80
5.70
7.37
8.36
7.36
4.40
6.65
6.00
5.77
6.35
6.46
6.27
7.20
5.56
6.20
6.67
6.94
7.92
6.88
6.62
7.35
8.15
7.61
7.48
6.73
6.37
6.69
7.48
5.89
6.09
8.12
6.61
6.21
6.04
6.23
6.17
7.40
6.26
6.40
6.54
5.50
6.87
7.26
7.51
8.13
5.13
5.54
6.62
9.16
6.77
6.32
5.26
4.92
6.12
7.61
7.32
7.83
6.96
8.62
6.46
6.29
5.82
8.10
6.05
7.34
6.52
5.23
6.77
8.01
6.49
7.06
6.58
6.68
7.07
7.66
6.45
8.03
8.53
7.74
6.85
5.70
6.00
6.20
5.88
6.22
7.44
8.15
7.47
6.61
5.61
5.54
6.43
6.73
5.93
5.89
7.63
6.69
6.83
7.58
6.69
6.16
7.04
8.12
7.93
8.51
7.91
7.82
6.88
5.76
5.55
5.60
7.10
7.16
6.60
7.53
5.48
6.53
6.85
7.19
7.02
6.67
7.89
7.04
6.38
6.36
6.67
6.74
6.68
6.63
6.18
7.27
8.34
7.21
6.74
7.76
8.56
7.44
8.52
6.74
6.28
7.52
6.45
6.66
7.37
7.06
6.35
6.63
6.83
6.23
5.42
6.28
6.58
5.71
6.53
7.57
6.30
7.02
7.64
6.03
7.91
6.46
6.60
7.32
5.94
5.92
5.00
5.38
5.92
6.54
5.54
5.83
6.30
6.31
7.14
5.52
6.58
7.60
5.66
6.98
6.83
6.15
6.50
6.29
4.62
8.29
7.13
7.75
7.07
5.95
6.05
6.29
7.53
6.91
7.41
6.25
7.17
5.87
6.46
6.71
5.77
6.53
7.37
4.61
6.73
5.91
6.21
6.29
7.46
6.45
7.14
6.66
6.51
6.96
5.64
6.94
6.35
7.84
7.18
5.67
6.22
5.63
7.92
6.86
5.63
6.72
4.67
6.26
6.93
7.14
5.84
5.82
7.62
8.67
7.65
6.66
7.78
6.73
5.77
6.43
7.49
7.30
6.41
5.18
5.72
8.61
5.68
5.71
7.12
7.24
6.63
6.51
5.65
6.22
7.03
5.68
4.98
7.42
7.59
7.32
7.38
7.29
6.82
6.92
5.49
7.85
5.78
7.48
6.34
5.44
7.63
6.80
7.72
6.26
7.44
6.27
7.47
7.00
6.73
6.58
7.70
7.88
7.71
6.13
6.91
7.11
6.50
7.32
6.28
5.59
6.93
6.69
5.98
5.80
7.98
6.37
6.27
6.40
6.72
6.50
7.47
6.84
5.75
7.73
7.42
3.62
5.50
5.32
6.00
6.63
6.52
6.98
5.77
6.31
7.15
6.36
6.35
5.90
7.70
6.21
7.05
7.71
5.96
6.88
6.24
6.83
5.19
4.68
4.40
7.68
7.62
6.79
7.13
6.40
6.56
4.30
5.80
6.98
6.64
6.70
8.07
6.95
7.06
7.50
5.03
7.46
7.49
5.35
7.41
5.28
8.19
7.26
6.00
5.64
7.11
6.44
6.83
6.63
5.45
6.06
7.33
7.24
5.14
5.39
7.27
6.65
6.19
6.74
7.17
6.12
6.68
7.09
6.87
6.12
6.01
6.81
7.51
6.36
6.38
6.67
5.25
7.41
7.53
7.64
7.76
7.72
7.79
6.17
7.57
7.09
8.08
6.62
6.26
7.60
6.79
5.80
6.14
7.05
6.56
6.92
5.86
5.06
5.29
6.19
6.39
5.93
5.33
5.57
5.93
6.00
5.11
5.64
7.59
6.15
6.55
6.47
7.16
7.68
5.69
7.78
6.61
7.81
7.12
6.16
6.77
7.53
6.09
8.32
5.61
6.46
7.42
7.42
6.79
6.60
6.60
6.05
5.84
6.08
7.13
6.48
7.09
7.22
6.83
7.10
7.38
6.89
6.36
7.40
5.62
7.27
6.23
5.47
6.54
4.12
6.50
4.96
6.88
6.27
5.15
7.46
8.46
6.19
7.50
6.91
7.38
6.67
6.07
6.80
6.98
6.85
6.34
5.89
6.43
6.02
6.17
5.39
6.67
6.64
7.52
6.19
7.05
6.52
7.40
6.88
7.09
7.70
6.76
8.42
6.19
5.55
6.73
6.91
7.11
7.22
6.73
7.07
6.38
5.42
5.85
6.20
6.73
5.48
5.55
6.55
5.61
5.75
5.72
7.71
7.96
6.28
7.18
7.69
6.71
7.33
7.21
6.56
7.34
6.04
6.40
7.34
9.13
6.90
6.92
6.61
6.75
7.37
6.95
6.68
5.83
6.45
6.06
6.07
6.25
6.67
6.68
7.88
8.07
8.31
8.09
4.60
7.02
6.81
7.51
6.28
5.64
6.30
6.33
6.80
6.76
6.59
7.02
7.61
7.90
7.99
6.97
6.20
6.83
7.43
6.75
5.77
5.63
7.03
7.07
7.15
6.66
7.33
7.77
7.08
7.22
7.30
6.54
7.10
3.70
7.68
7.67
7.32
6.68
5.52
6.11
5.18
5.04
7.70
7.15
6.44
5.70
6.86
6.49
6.76
5.77
6.24
6.80
7.11
6.81
7.00
7.53
6.30
6.62
5.81
5.84
6.42
6.55
7.74
6.35
6.30
5.29
6.07
5.68
6.27
7.54
6.30
7.17
8.61
5.28
6.65
5.79
5.60
6.34
8.21
5.52
5.09
6.80
7.70
5.67
7.55
6.85
5.70
5.78
7.64
8.75
6.44
5.27
6.75
6.74
4.49
3.68
4.66
6.21
5.25
7.38
6.37
7.50
7.03
6.25
5.67
6.75
5.98
5.91
5.38
5.33
5.08
5.89
7.88
8.11
8.73
7.71
6.78
6.82
6.34
7.02
6.76
7.83
7.62
7.21
6.00
5.36
6.33
8.46
6.45
7.35
7.32
7.25
6.85
5.77
6.28
7.44
6.03
5.66
6.81
7.06
8.02
5.97
5.20
7.49
7.15
7.49
7.01
7.24
8.35
6.57
6.04
6.68
6.50
5.15
4.26
6.29
7.89
3.46
8.01
7.58
3.36
6.86
3.65
8.50
6.20
7.70
5.89
6.28
8.31
8.49
8.50
5.33
6.62
7.32
5.71
7.54
8.01
7.79
6.86
8.53
8.24
7.03
6.14
7.13
7.70
7.57
6.89
6.74
6.12
5.64
6.21
7.51
8.23
7.29
5.94
5.94
8.09
8.33
7.86
7.06
6.25
6.39
6.31
6.00
6.09
7.12
6.56
6.17
7.26
6.09
7.55
6.04
6.99
6.30
7.30
6.67
6.56
7.56
8.17
7.33
7.21
7.06
7.09
7.40
5.98
5.85
5.85
7.07
6.53
6.68
6.79
7.06
7.65
7.36
5.50
6.63
7.13
6.52
3.64
6.85
6.72
6.61
8.84
5.35
6.48
8.71
6.21
5.55
6.75
7.57
7.10
6.18
4.66
5.89
4.85
7.94
6.34
7.96
7.25
6.56
8.59
6.33
6.66
6.60
6.55
7.95
6.19
6.27
4.77
6.81
6.88
7.40
6.88
8.23
7.02
6.80
6.31
7.72
6.56
6.86
5.70
6.79
6.90
5.34
5.46
8.48
6.96
5.39
5.42
5.23
7.01
6.09
6.34
6.37
6.83
6.24
7.04
5.46
5.72
6.54
5.42
7.29
7.32
5.25
7.30
6.40
6.86
6.66
6.80
6.13
7.33
6.68
7.28
6.17
7.55
6.42
6.54
6.45
7.28
6.76
7.19
7.53
6.73
5.87
7.69
7.01
7.47
6.79
7.42
6.13
6.33
6.25
6.36
6.44
5.14
6.09
5.62
6.89
5.49
5.88
5.82
5.91
5.73
5.05
5.36
6.78
8.01
7.25
5.85
6.53
6.07
6.81
8.39
6.38
6.98
5.38
6.35
7.41
6.26
7.24
6.08
7.84
6.64
6.22
7.94
5.67
6.54
5.83
5.20
7.09
5.88
5.87
7.97
5.07
6.62
6.59
6.75
5.33
6.36
6.82
7.05
6.58
6.88
6.20
6.43
6.08
7.26
5.63
6.77
5.62
6.08
6.98
5.54
6.93
5.83
6.85
4.99
6.91
7.35
7.18
7.35
5.69
5.44
5.38
5.76
4.41
7.32
6.40
7.63
7.94
8.03
8.53
6.52
6.59
5.78
6.28
7.06
6.52
6.54
7.25
7.09
4.00
5.57
6.48
7.24
6.82
6.38
6.57
6.30
7.26
6.55
6.07
6.90
7.81
5.37
6.36
6.43
7.05
7.31
6.60
6.59
5.96
6.54
7.65
6.99
5.83
6.60
6.63
5.92
5.72
7.45
6.76
7.55
7.39
6.94
6.50
6.91
5.91
5.64
5.29
5.82
4.19
6.49
8.04
7.44
7.52
7.54
7.37
4.74
4.30
6.85
5.53
5.88
5.67
7.00
6.21
7.59
7.79
2.14
5.83
7.25
7.10
4.76
5.14
5.82
7.50
6.62
6.10
4.23
5.37
5.35
6.94
7.00
5.42
4.83
6.55
6.25
7.43
5.62
6.25
5.00
4.33
4.45
6.90
5.78
5.13
4.29
5.00
5.12
5.48
6.66
5.56
7.88
4.89
4.55
6.27
6.00
6.04
7.23
6.42
7.36
7.60
7.06
7.43
8.50
6.82
7.89
6.45
6.08
7.64
7.43
7.82
7.84
5.22
6.04
6.29
7.34
6.67
6.40
6.07
5.80
7.59
5.06
6.88
6.77
6.82
6.55
8.40
8.09
6.89
6.04
6.92
6.26
4.70
5.06
6.70
6.38
6.00
5.41
5.58
4.92
5.20
5.79
5.76
6.79
5.12
7.51
7.14
6.36
7.82
6.25
5.65
6.38
6.44
5.35
6.22
7.39
6.54
6.69
7.32
6.05
6.45
4.08
6.23
6.30
6.43
5.61
6.20
6.30
6.36
5.39
7.25
7.75
6.05
6.70
6.21
6.82
6.00
4.61
6.34
8.17
6.41
6.78
6.27
6.88
7.71
5.04
7.16
6.60
7.66
6.64
6.58
7.99
6.22
6.05
7.56
6.78
4.11
5.80
6.68
6.11
7.77
6.27
5.17
6.41
6.35
5.86
5.60
7.52
6.39
6.56
7.71
7.28
6.60
6.52
7.68
6.01
8.00
8.04
6.83
6.19
6.18
6.49
6.94
5.59
8.52
7.83
7.73
5.06
5.36
7.78
8.24
6.74
6.28
7.63
3.72
6.10
6.89
6.87
5.36
7.47
6.28
7.05
5.78
6.94
6.89
6.27
7.38
6.59
7.11
6.34
6.46
6.62
6.23
7.67
6.56
6.93
6.52
8.13
8.51
7.84
7.95
5.40
7.32
6.96
7.43
7.36
2.49
8.13
7.48
8.12
7.26
4.53
6.76
7.28
7.44
7.32
7.62
6.84
6.44
6.50
6.91
7.09
6.69
6.49
7.84
5.73
6.26
7.40
6.71
7.70
6.58
7.31
6.66
6.77
6.84
6.61
5.58
7.12
8.19
6.18
5.36
7.70
8.14
7.69
5.81
5.17
7.41
6.39
6.47
6.61
7.28
7.45
6.00
7.85
6.48
6.77
5.84
6.75
6.00
4.60
4.79
6.13
7.20
6.33
7.98
7.87
7.59
7.55
5.62
6.51
7.46
8.14
6.62
7.14
7.46
6.36
7.85
8.27
6.60
9.10
6.73
7.25
6.91
7.36
5.38
5.88
6.38
5.85
7.93
6.73
6.97
9.11
6.07
6.81
7.64
7.75
7.87
6.54
5.19
6.32
7.84
7.07
6.13
5.47
4.95
5.36
5.43
5.64
7.51
6.63
6.86
5.35
6.85
6.35
6.13
6.00
7.54
7.51
6.58
6.47
6.91
7.40
7.57
7.31
6.91
7.26
7.42
5.67
3.67
6.21
7.05
7.32
8.06
7.43
7.32
6.38
7.23
6.75
7.54
7.37
6.06
6.03
7.49
6.04
7.97
7.64
6.70
7.01
7.34
5.55
7.46
5.98
7.12
8.03
7.20
7.65
6.92
7.04
5.65
6.38
7.13
7.75
6.27
6.44
7.45
6.41
6.80
7.13
6.77
6.78
6.39
6.24
5.50
5.70
6.86
6.83
8.43
7.45
7.15
5.30
7.47
7.48
7.11
5.85
6.65
5.62
7.86
7.60
7.40
4.27
4.76
6.29
7.63
6.19
8.19
7.69
5.00
7.53
7.80
7.12
5.94
6.57
7.25
7.36
5.77
8.16
7.30
6.85
8.32
6.30
6.46
6.60
6.71
7.49
6.22
7.36
6.37
7.15
5.43
6.07
5.83
5.90
6.32
6.94
6.59
7.22
6.20
6.34
7.86
7.65
6.14
5.83
5.82
6.38
5.92
4.93
6.08
5.76
5.80
7.62
7.60
6.00
6.02
5.91
6.53
6.28
6.13
6.62
7.49
6.87
6.21
5.69
5.53
5.89
5.94
7.16
5.38
7.17
8.08
6.33
4.54
5.96
6.48
7.35
6.89
7.32
3.96
7.30
7.40
5.91
6.69
6.53
7.35
7.16
7.28
5.90
5.00
5.64
6.91
4.93
8.54
6.02
6.19
6.06
7.06
6.19
6.68
7.64
6.67
7.74
7.77
4.50
4.13
5.08
4.27
4.52
4.88
4.64
4.81
4.10
5.48
5.50
6.34
6.32
6.90
7.00
7.49
3.74
3.71
3.84
2.93
3.62
6.65
4.67
6.01
7.12
6.98
6.67
6.34
5.94
6.77
5.46
8.24
8.37
7.31
7.04
6.65
6.52
4.73
7.39
5.89
7.36
6.56
8.30
6.76
7.13
5.95
7.09
7.41
6.19
6.40
7.29
3.89
4.11
5.10
3.79
6.77
7.71
7.32
5.14
3.56
4.00
8.35
4.08
3.11
4.93
4.33
4.22
3.36
5.91
3.17
4.49
5.30
4.22
4.81
3.25
3.59
3.57
4.50
3.60
5.11
3.87
4.17
3.50
4.58
4.17
4.31
5.09
7.27
7.36
7.88
7.20
8.58
7.94
6.75
5.83
7.06
6.38
7.08
8.07
8.18
6.82
7.60
5.81
5.47
6.81
6.53
7.15
5.64
5.06
6.00
5.69
5.06
6.52
6.11
6.49
5.55
6.45
8.80
4.99
7.44
6.84
5.35
5.82
5.50
6.64
5.00
5.60
6.00
5.33
6.91
7.04
6.45
7.57
6.01
5.10
7.47
6.01
6.51
4.79
6.63
5.14
5.50
5.38
6.25
6.38
7.64
6.00
6.34
6.17
7.28
5.19
5.35
8.00
6.24
6.00
5.30
6.76
6.21
5.72
7.39
7.79
6.82
7.42
6.20
8.14
5.85
7.56
8.00
6.61
6.94
5.80
6.32
6.15
6.20
7.00
5.60
4.50
6.51
5.58
6.75
6.54
6.11
5.35
6.93
5.19
6.02
6.23
5.83
8.57
7.17
5.33
6.02
6.73
6.17
6.62
6.88
6.33
5.00
7.66
6.13
6.25
6.57
5.86
4.75
6.75
7.20
5.47
7.00
5.45
5.73
5.83
4.00
5.65
6.50
6.11
6.73
6.74
6.96
4.79
7.47
5.81
5.65
7.49
6.94
6.12
6.61
6.42
8.05
6.60
6.09
6.79
6.85
5.75
6.84
6.13
5.78
5.22
5.38
6.71
6.56
4.86
6.89
7.09
6.59
7.55
7.48
6.36
6.53
6.76
6.40
5.15
5.83
6.44
6.88
6.71
7.00
5.50
7.15
6.78
6.42
6.67
7.48
5.96
5.63
7.27
6.25
6.64
5.74
7.24
6.14
7.80
6.89
6.22
7.67
6.79
5.99
8.19
7.17
6.77
7.04
6.38
6.71
6.70
6.46
6.46
6.15
6.37
5.73
6.51
6.27
7.27
6.60
3.56
3.11
7.04
6.68
3.61
6.41
5.48
5.59
6.83
7.12
6.13
6.61
7.45
6.29
6.19
5.93
6.78
7.92
6.32
7.35
5.83
7.96
6.66
7.36
6.81
6.78
8.00
6.31
6.30
6.64
6.63
6.35
5.84
6.28
6.04
6.32
5.00
4.88
4.75
6.10
6.50
6.49
5.00
5.76
7.10
6.24
6.44
6.47
6.94
6.43
6.23
6.13
7.44
7.03
5.12
6.85
7.82
6.53
6.54
5.29
5.65
6.06
6.26
6.15
6.98
7.11
6.80
6.05
8.50
7.79
6.91
5.64
6.10
7.69
5.04
6.37
7.88
6.18
7.49
8.16
6.40
8.36
4.14
4.00
6.12
5.78
7.47
5.67
7.00
7.98
6.82
4.63
4.00
3.80
4.80
7.44
3.42
7.43
3.50
4.70
5.13
3.79
4.85
5.89
3.58
4.38
5.14
4.78
4.50
4.36
4.33
5.00
5.38
5.44
4.50
4.75
7.04
3.34
6.00
5.43
6.14
5.57
5.33
5.78
7.34
7.54
7.88
7.23
6.36
5.98
5.49
8.05
7.31
5.23
7.33
6.32
5.36
6.46
5.36
4.91
7.56
5.75
5.67
3.49
5.48
3.25
5.74
5.26
6.81
7.61
7.62
7.67
5.09
7.61
7.13
4.83
6.77
6.61
6.04
4.43
4.93
4.85
6.25
5.80
5.60
5.23
6.04
6.61
5.55
6.02
5.63
8.55
7.76
4.27
5.44
5.18
6.09
6.42
6.41
5.99
6.46
7.32
8.00
6.50
7.60
7.07
8.23
6.00
8.25
7.25
7.10
6.25
5.26
7.27
5.44
6.13
5.38
5.05
7.11
5.90
7.61
6.27
6.41
6.27
6.56
6.50
6.71
5.22
6.66
5.93
6.00
6.13
5.91
5.59
6.14
6.36
6.00
5.60
7.46
5.16
6.50
7.71
6.80
6.62
6.43
7.55
7.91
4.50
3.29
6.85
6.60
6.50
6.17
6.17
6.44
6.13
3.83
6.72
6.80
7.37
7.04
6.32
5.75
7.21
4.75
5.42
5.88
7.17
5.31
5.00
5.64
6.58
5.65
6.87
6.36
6.66
6.88
8.06
7.86
7.24
6.15
8.29
5.27
6.06
6.25
5.75
6.56
6.95
7.28
7.50
6.20
6.31
5.25
5.49
5.57
5.88
5.96
7.70
7.52
7.60
5.51
5.39
7.24
4.90
5.55
5.52
7.55
4.91
5.79
6.20
5.88
5.60
7.46
6.68
6.42
7.04
6.65
5.50
6.25
6.96
5.67
7.52
4.93
5.44
6.25
3.82
7.98
7.43
5.68
6.38
8.36
7.00
6.50
7.52
7.21
6.81
6.09
6.36
6.82
6.17
5.33
4.05
7.33
6.10
5.43
4.60
6.13
5.81
6.20
5.56
7.92
6.56
5.19
5.50
7.00
7.26
5.13
6.25
4.79
5.98
6.08
5.83
5.35
7.17
4.85
4.70
5.97
5.78
6.75
6.35
6.40
6.13
5.13
6.72
6.73
4.81
7.92
7.37
5.73
6.26
6.99
6.02
5.92
7.42
8.68
7.34
7.75
7.80
6.63
4.78
6.58
7.00
7.43
7.14
7.95
4.05
5.10
5.99
7.00
6.40
7.29
3.43
7.14
5.58
6.88
5.53
7.28
6.18
4.96
7.87
6.82
6.00
5.00
6.55
5.10
8.47
6.42
6.86
7.13
8.22
7.00
7.00
7.05
4.75
6.83
6.39
7.06
6.12
6.20
6.54
7.21
6.52
7.17
6.86
6.57
6.25
6.75
6.13
7.17
5.20
6.25
6.65
6.08
5.36
5.69
7.50
6.67
5.78
7.23
7.35
6.49
5.93
6.19
6.77
5.63
5.61
6.50
5.53
7.00
5.80
5.00
6.75
5.60
7.63
6.20
5.00
6.00
7.18
6.33
6.75
5.71
1.92
6.92
7.00
6.83
7.33
6.73
7.75
6.53
7.20
7.12
7.08
7.20
6.27
7.86
6.47
6.75
7.33
5.75
6.00
6.80
3.82
6.56
6.25
7.31
6.00
4.74
7.17
5.63
5.43
5.17
6.50
7.11
6.67
6.23
6.17
4.94
6.60
7.94
4.57
6.50
3.44
6.87
6.73
6.36
5.79
6.67
5.20
6.20
7.14
7.44
7.00
6.55
7.50
7.67
6.14
6.33
6.64
6.50
6.50
7.33
7.07
6.77
5.69
5.17
6.19
7.37
6.36
8.20
7.34
6.80
6.64
5.19
6.00
6.72
7.01
7.84
6.61
7.16
5.43
7.28
5.93
6.59
6.96
7.40
6.17
7.30
8.17
7.47
7.94
5.34
6.68
6.57
7.59
6.78
6.92
5.49
6.26
5.95
5.59
8.68
6.17
6.63
4.58
6.70
7.21
8.40
6.60
5.86
7.57
7.16
7.41
6.08
5.89
5.06
7.46
5.78
6.71
5.26
6.90
6.96
6.13
6.47
7.89
7.76
7.44
4.75
7.67
7.34
4.26
8.14
5.96
6.86
7.84
7.08
7.47
6.15
5.66
5.70
7.08
5.10
7.33
6.99
8.25
7.52
6.47
6.82
5.99
5.47
6.34
6.54
7.42
7.03
5.56
4.87
6.07
6.05
4.75
6.48
7.11
6.50
7.18
5.63
7.47
6.61
6.61
6.81
7.04
5.86
6.18
6.17
5.67
6.33
7.08
7.47
6.75
5.63
7.47
6.55
5.44
5.79
6.51
6.97
6.10
6.94
7.35
7.67
6.39
5.98
7.22
5.72
7.75
6.10
5.00
6.59
7.69
5.49
6.42
6.38
7.00
6.57
6.21
6.50
6.81
5.29
7.96
7.23
6.97
6.71
5.44
6.87
6.64
6.62
5.80
7.60
4.00
4.50
5.50
5.41
4.94
5.20
6.90
7.70
8.66
6.92
5.08
7.95
6.80
6.64
7.00
6.64
6.61
7.40
7.90
6.91
7.06
6.84
8.17
5.85
5.83
7.09
4.52
7.51
7.29
7.18
6.19
5.52
6.68
6.31
8.12
5.58
7.90
6.86
6.34
7.33
6.29
7.18
5.90
6.56
5.88
6.45
6.68
6.33
5.00
7.04
6.19
4.73
7.20
6.26
5.00
6.63
6.81
6.44
5.00
4.88
8.00
6.14
8.35
7.33
7.32
6.75
6.59
7.46
6.48
6.19
5.75
6.38
6.83
6.66
7.21
5.42
7.34
7.61
6.00
8.16
6.15
7.14
7.82
5.70
7.65
6.96
6.50
6.54
7.42
6.56
6.78
6.49
6.81
3.46
5.36
5.81
5.39
7.08
7.49
7.62
6.19
6.83
7.72
7.60
7.60
4.74
5.83
5.87
5.86
7.09
7.22
6.30
5.82
7.52
5.01
5.23
6.84
7.77
6.83
7.00
7.21
8.11
6.40
7.37
7.80
5.81
5.39
6.88
7.35
5.12
8.60
4.76
7.10
5.06
4.94
5.12
8.80
5.82
5.35
5.25
5.47
5.38
5.71
5.33
5.33
5.68
5.35
5.00
5.88
6.05
5.38
5.07
5.74
6.33
7.89
6.35
6.22
7.37
6.19
4.94
5.64
6.77
8.25
6.52
6.57
6.23
6.95
5.23
5.90
7.61
7.13
5.96
5.67
8.06
6.15
7.80
5.20
6.51
6.89
6.38
6.72
7.86
6.25
8.67
5.94
8.37
7.68
4.17
4.53
3.59
4.90
5.03
4.46
3.32
4.86
3.88
5.22
4.00
3.27
3.99
6.98
6.50
7.84
5.60
6.34
8.67
6.80
5.69
6.36
5.09
5.36
5.60
6.56
3.83
7.94
5.20
7.41
6.07
6.00
5.80
5.97
8.42
5.67
8.07
8.00
6.63
6.83
6.69
3.92
6.96
7.25
6.51
3.90
6.14
4.91
4.40
5.56
5.23
5.13
5.64
6.44
4.77
5.02
7.59
4.38
5.13
7.40
7.43
6.33
5.94
6.38
6.40
6.64
5.93
6.04
5.70
6.51
6.35
6.47
6.05
6.03
5.61
5.71
5.37
5.54
6.67
6.81
6.55
6.33
6.18
6.91
5.76
6.00
5.96
6.21
6.08
6.54
5.92
8.29
7.55
5.38
6.87
5.75
8.59
6.54
7.60
4.98
6.77
6.25
5.43
5.91
5.50
5.05
4.31
5.16
5.91
5.25
5.56
7.22
6.40
5.75
4.85
4.91
5.00
5.55
6.00
5.44
3.82
5.53
6.21
6.84
6.00
6.31
4.80
6.35
6.00
5.64
4.88
3.94
4.12
5.92
5.73
5.54
6.10
6.45
6.62
6.30
6.62
6.17
6.29
4.90
6.85
7.16
4.25
5.15
7.97
4.67
7.22
4.53
7.14
7.27
7.61
7.05
7.00
7.00
6.17
7.66
6.39
6.07
6.81
4.28
4.58
6.86
7.56
8.01
6.60
8.50
6.25
5.92
7.42
7.79
6.70
6.00
6.20
6.03
7.58
5.60
6.25
6.17
5.62
5.14
7.26
7.33
7.15
6.40
6.71
6.40
5.75
3.96
5.64
5.67
8.01
7.86
5.88
6.22
6.50
6.60
6.01
4.78
6.60
5.60
8.67
6.25
5.40
6.91
6.67
9.50
4.00
6.57
6.60
6.00
5.80
5.07
5.85
6.33
6.82
6.20
7.25
6.84
4.68
5.22
4.46
4.25
4.54
5.59
4.85
5.13
6.82
5.54
7.18
6.67
6.33
6.20
6.12
6.29
7.17
6.85
6.59
6.50
5.49
6.72
7.17
6.63
5.81
6.15
7.26
5.57
5.09
5.33
6.16
6.33
7.00
8.40
6.00
7.08
6.00
8.15
6.95
6.77
5.94
7.95
7.20
5.94
7.11
7.17
4.70
6.84
7.93
7.69
5.86
4.93
4.36
7.63
8.92
7.69
7.60
8.26
7.16
8.24
7.91
6.79
7.70
5.75
6.62
6.47
7.51
5.82
6.80
8.41
7.46
7.66
6.56
8.27
6.32
6.38
6.50
7.00
6.70
5.56
8.00
6.73
7.54
7.22
6.78
6.27
6.33
7.02
5.73
7.47
7.78
5.25
6.48
6.55
5.26
6.91
5.57
6.27
7.48
6.09
7.13
6.60
6.39
6.78
7.74
7.29
6.81
6.00
6.38
7.10
6.12
6.83
6.75
5.72
6.20
4.57
6.27
4.40
6.38
7.36
5.95
5.38
7.25
5.90
6.59
6.70
6.49
6.14
7.20
6.00
5.86
6.31
6.56
5.00
4.78
6.25
5.86
6.44
6.44
7.19
6.12
8.26
6.77
7.57
7.14
6.43
4.85
6.75
4.96
6.80
6.00
6.60
6.42
6.61
6.85
7.47
7.56
2.86
6.04
6.49
5.18
7.72
7.50
6.40
7.25
6.68
6.29
6.62
6.93
4.69
7.49
5.50
5.00
4.00
4.60
6.22
7.13
5.71
6.36
6.20
8.42
5.31
5.74
5.87
4.27
4.33
5.54
7.70
7.75
4.88
5.95
6.60
7.30
5.67
5.22
5.25
6.12
5.17
6.52
5.73
5.93
8.31
6.97
5.25
5.25
6.23
7.60
6.43
5.25
6.00
6.85
4.21
4.82
5.00
6.80
5.92
6.37
4.67
5.58
6.08
5.17
8.00
5.08
5.68
6.80
5.21
5.46
6.65
6.94
7.44
6.67
7.40
5.00
6.50
8.20
6.60
6.41
7.28
6.32
7.14
5.73
4.75
6.81
7.35
7.28
7.52
8.33
4.94
5.59
4.12
5.06
4.51
6.71
5.50
6.75
5.40
5.76
5.00
6.40
6.11
5.60
5.70
6.25
7.05
7.79
5.57
7.76
5.64
7.02
7.20
6.63
6.07
5.59
5.65
5.73
5.67
7.15
7.57
7.33
5.57
5.06
2.55
7.09
4.69
6.72
6.41
6.00
8.28
5.58
6.51
5.68
6.00
6.97
3.48
6.37
5.25
7.55
6.87
6.58
6.93
4.00
7.75
8.62
6.29
7.33
5.70
7.74
4.69
5.33
7.50
6.80
6.53
7.28
7.13
7.52
6.86
7.33
7.93
7.37
5.60
5.20
6.29
6.35
7.74
7.00
5.57
5.60
6.17
7.48
5.89
6.53
7.53
7.59
6.84
5.46
5.89
7.47
6.11
5.77
7.56
7.50
5.33
6.38
5.13
5.76
6.24
5.14
8.54
6.64
6.31
8.88
7.71
6.76
6.34
5.58
7.38
5.76
6.63
6.66
6.48
7.71
4.75
6.14
7.70
4.06
3.70
5.55
6.43
5.26
6.89
3.00
5.33
5.21
4.00
3.39
6.13
5.92
6.81
6.83
8.20
6.25
4.21
5.13
5.54
5.00
6.52
6.57
6.03
4.50
5.43
5.26
6.56
5.00
6.44
6.33
4.70
7.10
7.20
7.95
3.43
4.15
4.00
6.92
6.89
7.76
7.58
8.12
7.25
6.50
6.49
6.64
4.07
7.23
5.99
5.11
5.75
5.29
6.74
4.81
6.76
5.92
8.18
4.54
6.95
8.23
7.75
6.56
5.78
7.00
7.50
6.97
6.10
5.55
6.82
6.37
5.67
5.88
5.38
5.25
6.50
6.16
7.60
6.50
7.20
6.14
6.73
5.27
6.78
6.38
7.07
5.67
6.83
6.57
7.25
7.06
4.54
4.33
4.80
6.13
6.74
6.38
7.24
6.57
7.43
7.34
8.09
6.34
5.57
7.50
4.25
6.78
5.74
6.42
6.86
5.36
4.94
5.71
6.57
6.78
5.08
5.66
5.25
8.75
7.93
7.40
8.20
5.25
7.72
7.61
5.25
6.40
6.89
5.40
6.91
7.55
5.45
6.78
6.17
6.17
7.00
5.62
6.13
6.59
5.35
5.86
4.94
6.28
5.89
7.95
7.52
5.04
6.00
6.19
5.38
3.78
5.25
6.23
6.50
5.58
6.13
4.29
7.33
6.40
6.20
6.17
6.00
6.00
6.00
6.75
6.00
7.33
5.00
6.67
6.17
5.75
6.30
7.35
8.16
7.00
7.20
6.28
8.28
7.66
6.80
7.29
6.94
7.69
7.47
6.48
7.48
8.45
7.60
6.94
5.71
7.50
6.37
8.49
6.35
6.81
6.83
6.63
6.66
6.04
5.79
6.07
6.56
8.18
6.39
6.14
5.77
6.87
6.97
6.07
6.00
6.92
6.81
4.35
5.81
5.71
6.31
6.21
4.04
5.59
5.58
5.67
5.58
5.09
5.35
5.91
5.00
5.75
5.68
6.09
4.54
5.31
5.22
6.11
5.66
6.23
6.78
7.67
4.45
6.00
7.00
7.00
6.63
8.60
7.18
6.20
6.82
5.98
5.46
5.91
7.40
6.67
8.33
5.25
6.33
8.67
7.00
7.20
8.33
7.50
7.67
6.33
6.78
7.50
6.20
8.00
6.33
8.05
8.00
6.67
6.67
8.67
8.50
8.33
9.00
7.33
7.75
5.60
8.00
5.00
6.67
6.06
4.56
7.19
6.81
6.39
5.67
4.78
5.00
8.23
6.67
7.00
8.33
8.33
6.83
7.25
6.33
6.33
5.67
5.67
5.00
5.50
7.75
5.71
7.65
6.22
6.00
6.20
5.50
5.00
6.00
9.00
7.00
6.00
6.80
6.00
7.00
5.00
7.67
6.33
7.67
6.36
7.25
4.36
6.08
6.80
6.43
5.75
7.50
8.50
7.00
8.00
5.00
5.88
5.75
7.00
5.00
5.62
9.25
8.00
8.33
5.80
6.20
6.50
6.00
5.80
8.00
7.33
5.25
7.33
8.67
6.50
6.17
6.50
4.33
7.55
6.77
6.61
6.88
7.29
6.44
5.67
6.91
7.05
6.83
5.00
5.30
5.64
6.00
7.33
6.00
6.55
6.25
5.75
5.10
6.49
7.67
6.83
6.06
6.82
5.45
7.17
5.57
5.36
5.42
5.25
5.63
5.31
4.14
4.55
5.47
5.47
5.38
6.18
5.80
5.50
6.50
5.90
7.11
5.53
5.60
7.39
7.27
7.14
5.57
6.23
4.17
7.25
5.55
5.44
7.00
6.63
5.67
8.33
5.61
7.58
6.71
5.94
6.34
6.02
6.47
7.55
8.00
6.62
7.04
7.15
8.20
6.18
6.00
4.83
5.48
6.36
6.85
6.64
6.36
7.11
6.92
6.66
6.32
5.93
7.95
5.34
7.50
6.10
5.75
7.19
6.90
8.32
7.31
7.41
8.12
8.23
5.67
8.33
5.67
6.25
6.25
6.50
7.00
5.67
6.33
5.71
6.80
6.40
6.35
6.89
6.56
7.52
6.55
6.36
6.76
6.44
6.60
5.45
6.79
7.08
7.34
7.97
5.56
4.95
7.45
8.00
7.33
6.00
6.59
7.47
8.03
7.82
5.08
6.11
7.34
5.75
5.75
8.00
8.50
8.21
4.16
5.58
5.32
4.49
5.24
5.22
5.80
4.79
5.45
6.77
3.57
7.81
5.75
6.00
5.74
6.45
5.25
6.00
6.75
6.18
6.00
6.71
4.75
4.30
7.03
7.75
5.54
7.50
6.40
4.33
6.33
7.88
4.24
6.86
7.56
4.33
6.60
7.22
6.14
8.61
6.37
5.05
5.19
5.45
6.52
6.74
7.21
7.28
7.04
8.33
6.10
7.22
5.46
5.41
5.33
6.08
7.88
6.22
7.10
6.14
6.67
7.53
4.75
8.11
7.45
5.41
6.94
6.83
6.72
4.75
4.54
6.71
8.33
5.40
4.55
6.19
6.84
6.97
6.32
6.44
7.32
6.98
5.72
7.42
5.99
6.98
5.58
7.04
6.23
5.90
6.21
7.77
7.67
6.00
5.75
5.14
7.34
7.63
6.58
6.11
5.89
5.36
5.96
7.18
5.83
5.67
6.25
6.33
7.67
6.00
8.00
8.67
6.20
8.25
8.40
7.50
5.75
6.67
5.67
7.33
7.00
8.00
6.88
6.29
7.00
5.40
5.12
3.98
6.38
5.47
6.48
7.58
6.14
7.16
6.75
7.35
7.39
7.04
5.86
3.98
5.37
4.84
4.63
4.71
5.37
4.92
3.90
5.99
7.74
6.42
8.35
7.91
7.41
4.91
5.26
6.67
7.33
6.00
5.11
8.45
6.36
6.14
5.46
6.85
8.32
6.47
8.59
7.00
8.03
7.67
5.21
5.24
7.53
5.73
7.28
6.80
6.23
8.58
5.50
6.17
5.72
6.10
6.82
6.88
7.55
5.24
3.62
4.91
6.88
7.15
4.31
9.05
6.45
6.81
6.57
7.25
7.90
6.40
4.78
4.50
8.93
5.13
7.97
6.40
6.51
6.50
6.61
6.16
7.84
3.63
5.09
5.30
5.22
8.75
6.02
7.12
6.41
5.83
9.25
7.80
4.80
6.71
5.53
6.18
6.06
5.11
7.91
5.33
6.77
7.16
6.30
4.16
7.49
4.26
7.27
6.80
6.90
6.72
8.05
8.08
5.45
6.95
3.53
4.90
5.16
3.14
6.28
6.91
4.28
5.91
5.60
4.86
4.22
7.15
6.38
5.28
3.63
4.20
3.33
6.13
7.50
7.01
6.65
5.76
6.04
5.65
5.43
6.68
7.22
5.55
5.67
7.00
5.70
8.00
5.42
6.06
4.79
6.32
5.15
4.84
7.01
6.02
7.33
5.34
4.62
4.50
5.63
4.18
5.11
4.67
3.78
6.48
8.50
7.00
5.50
4.75
4.20
5.00
5.08
3.75
6.83
5.50
5.80
5.80
6.50
3.59
4.40
3.81
4.12
5.60
4.71
5.75
3.50
5.15
6.78
6.56
6.50
5.40
7.00
5.00
5.00
6.11
5.67
2.67
7.15
6.29
4.25
5.17
5.31
4.53
3.93
7.60
5.75
6.00
6.67
6.40
3.26
5.40
4.33
3.86
8.25
4.75
8.00
5.00
3.93
5.43
5.33
7.00
4.74
3.38
4.37
6.00
6.38
7.21
5.65
6.14
7.50
7.17
6.17
6.57
6.80
6.60
6.40
5.75
6.86
6.20
4.79
4.21
4.14
3.63
6.74
7.83
7.47
5.87
4.13
6.94
5.00
6.64
6.53
5.49
6.75
5.89
4.44
3.41
4.08
5.64
5.44
5.27
4.40
3.58
3.77
3.35
4.40
3.85
4.82
4.42
4.13
4.49
4.13
4.11
4.44
4.74
5.44
3.80
4.22
4.13
4.94
5.19
6.80
5.36
6.31
6.64
5.94
6.17
5.29
4.80
4.25
5.50
5.67
5.02
6.22
6.60
5.90
6.43
7.88
3.72
6.05
5.21
6.80
5.47
4.32
5.33
7.00
5.20
6.00
4.63
6.00
5.67
6.00
6.33
4.48
5.67
5.25
3.59
7.94
6.41
5.87
6.11
4.67
3.89
6.27
5.11
4.04
4.99
5.97
5.44
5.89
4.58
6.06
5.04
4.21
7.15
7.53
8.01
4.58
4.78
4.59
5.81
4.08
4.92
4.15
4.26
4.02
6.15
8.04
7.08
7.15
7.05
5.27
4.42
5.13
5.32
5.76
6.12
5.78
7.85
7.88
8.10
6.17
4.27
5.94
5.23
4.57
5.97
5.00
4.09
4.55
5.25
5.55
3.43
6.20
6.75
7.71
6.79
3.51
4.52
4.71
4.91
4.81
6.59
5.04
4.44
6.89
4.49
4.85
6.17
6.33
3.84
4.17
8.20
4.04
5.29
5.08
4.59
6.75
5.02
5.30
5.10
4.89
4.83
4.69
6.91
6.49
6.25
4.41
3.88
5.24
4.75
5.52
4.16
4.69
7.00
4.37
4.28
7.22
4.52
4.56
5.25
5.02
7.07
7.46
6.05
4.95
5.98
5.08
5.44
5.80
6.00
2.67
4.72
3.59
4.17
5.51
5.45
4.27
4.76
3.93
4.28
5.46
4.56
3.02
4.38
6.13
6.19
6.71
4.00
3.88
4.32
3.80
6.75
3.89
4.91
4.63
4.92
4.95
3.00
3.76
6.45
5.75
4.22
4.00
5.15
7.25
8.24
7.19
4.65
4.44
6.25
6.33
6.50
8.00
6.71
5.57
6.62
6.50
6.36
6.98
5.53
4.39
4.79
4.20
4.91
6.00
6.11
6.25
5.97
5.00
4.60
6.63
4.20
5.85
4.75
5.33
6.14
5.25
3.95
6.36
4.71
4.70
4.92
5.25
5.14
5.39
5.30
5.21
4.99
3.53
5.90
5.16
4.06
4.44
4.11
4.26
6.63
4.95
3.54
5.86
4.62
3.89
3.79
6.78
6.71
6.52
5.94
6.15
6.23
6.70
4.93
5.37
3.75
5.80
7.33
5.67
4.75
6.33
9.60
4.00
5.31
7.93
4.86
4.89
6.64
6.53
4.00
4.57
6.16
6.01
5.00
5.00
6.18
7.67
5.44
6.33
6.54
5.10
6.41
4.50
3.67
4.67
6.25
3.67
3.57
6.00
6.34
5.91
4.06
3.93
3.83
5.38
4.29
5.37
5.07
4.42
4.15
6.47
3.36
6.22
4.54
5.52
5.74
5.81
6.34
7.49
7.88
5.81
6.53
6.67
5.87
5.00
4.35
4.13
5.40
7.29
7.35
4.46
5.33
4.27
3.50
4.27
4.25
4.40
4.03
5.38
6.57
4.43
8.50
6.75
5.77
4.50
6.60
8.03
5.28
6.77
7.25
5.00
6.49
5.63
6.57
6.63
5.50
6.46
6.27
5.83
5.50
5.17
6.37
8.82
5.67
8.04
3.67
5.99
7.20
6.53
6.84
7.78
6.00
7.45
5.50
7.39
5.55
7.98
6.11
5.00
7.44
5.63
4.87
5.31
4.62
4.38
5.28
4.71
5.02
5.25
4.98
5.37
4.70
4.69
4.56
5.43
6.86
6.00
7.38
8.53
7.85
7.20
7.01
5.92
4.45
6.80
7.13
7.81
6.90
4.65
7.92
7.08
6.89
5.38
6.83
6.87
5.89
7.16
6.61
6.38
5.80
6.30
5.40
5.30
5.63
3.20
4.52
3.96
3.52
5.05
5.04
5.02
3.33
5.15
5.23
4.53
2.72
7.67
5.92
5.38
6.87
7.84
8.15
3.60
4.80
7.18
5.94
5.10
5.76
5.01
5.49
4.85
5.30
5.12
5.34
4.24
6.67
4.02
4.45
3.74
4.14
6.39
4.30
7.00
6.70
6.17
7.11
6.05
6.19
7.71
6.48
5.78
6.92
5.71
6.20
5.53
4.81
6.80
6.53
5.57
5.95
8.48
5.21
7.04
6.28
6.54
4.75
6.63
7.07
5.64
6.06
6.01
7.14
7.05
7.74
4.80
4.40
6.87
4.82
6.58
5.72
5.20
6.72
6.35
5.46
4.75
4.60
7.25
5.36
6.75
5.20
7.48
5.29
5.24
6.17
7.14
6.86
6.33
8.68
5.76
4.96
5.15
4.71
4.15
4.91
4.70
4.30
4.46
4.43
6.48
6.25
7.40
7.25
5.13
4.93
8.64
7.28
7.35
6.59
5.56
4.80
5.55
5.44
7.32
6.75
6.36
7.92
5.97
6.87
6.40
6.00
6.40
7.13
6.66
7.67
5.06
4.92
4.93
6.42
4.88
5.50
5.65
6.36
5.71
7.24
4.90
4.59
5.34
7.48
6.61
5.50
6.73
7.00
6.60
5.99
4.58
5.68
6.80
7.08
5.64
7.50
8.03
5.70
5.46
6.46
7.26
5.34
6.15
4.15
3.78
8.17
5.65
4.00
3.92
6.32
7.84
7.51
7.36
6.71
5.50
8.12
6.09
7.25
4.73
4.00
6.50
7.13
7.02
7.35
7.84
7.06
5.17
5.33
6.57
6.05
7.60
6.34
4.67
6.80
6.24
6.86
5.83
6.28
6.24
6.00
7.11
4.63
4.67
4.00
6.90
6.00
6.00
8.33
7.00
8.00
5.50
6.18
6.00
8.33
5.17
8.40
7.00
5.36
5.33
7.79
6.62
6.61
4.81
6.60
5.00
7.40
5.50
4.40
5.83
5.83
7.33
4.00
8.50
3.54
4.58
6.00
4.50
7.00
6.00
8.00
7.00
8.00
6.17
4.75
5.67
7.25
6.00
7.12
4.79
7.43
6.50
6.00
4.50
7.00
7.75
7.00
8.50
8.20
6.60
6.33
6.00
7.00
5.07
8.50
6.33
7.33
6.03
5.80
6.86
6.07
6.67
6.06
8.65
6.17
6.67
6.31
6.81
8.34
5.33
5.05
7.22
7.08
4.50
6.08
6.24
6.98
6.64
4.14
6.10
5.85
5.67
7.17
6.31
6.72
8.13
6.15
5.40
7.07
5.52
5.38
6.06
6.18
6.33
5.56
4.08
6.89
6.98
6.59
6.50
6.00
6.23
4.00
6.15
7.07
4.92
5.92
6.66
7.24
6.87
8.17
5.87
6.42
5.84
7.50
7.36
5.40
5.60
5.35
6.47
4.78
8.14
8.27
4.00
7.37
8.43
6.87
7.07
7.27
6.80
6.50
7.20
6.26
6.50
7.50
7.12
7.05
7.11
7.01
7.30
6.00
5.36
5.68
6.75
8.64
5.30
7.47
6.79
7.96
5.79
4.75
5.14
3.61
3.93
3.40
5.28
4.32
3.26
3.41
3.76
5.06
2.97
3.49
7.30
5.50
7.78
7.61
7.27
5.97
5.85
3.81
5.42
5.81
5.33
6.00
6.43
6.83
7.47
7.37
7.62
5.55
6.53
7.93
6.72
6.60
6.67
6.06
7.09
4.92
7.16
7.63
7.06
7.65
5.81
7.15
7.91
6.38
6.66
7.44
6.68
6.48
6.54
6.20
5.89
7.17
7.21
6.10
7.52
7.26
7.69
6.11
5.38
7.17
6.91
4.60
5.48
6.79
7.03
6.64
3.77
6.65
6.20
5.50
5.00
4.92
5.84
4.62
5.54
7.76
7.77
7.00
6.62
8.32
5.29
5.39
5.50
5.63
7.48
7.30
4.71
6.60
4.46
5.20
6.29
7.17
4.11
6.56
5.37
5.11
5.50
6.55
5.62
6.76
6.50
6.57
5.71
6.42
8.80
5.83
6.26
7.66
7.56
6.79
7.04
6.66
6.51
6.50
7.12
7.23
6.55
5.60
6.65
5.50
4.71
7.78
6.19
3.39
3.90
4.83
2.69
3.58
3.79
7.16
7.91
6.68
6.59
4.17
4.25
4.38
5.11
6.58
7.26
6.73
5.71
6.66
5.54
6.49
6.03
4.80
2.67
6.73
7.97
4.71
4.11
3.75
5.54
6.25
4.40
3.57
7.27
7.93
3.41
6.08
4.67
7.50
3.00
6.35
6.24
7.09
3.67
7.05
7.09
6.68
6.23
7.54
6.46
4.38
3.86
4.22
4.03
4.11
5.00
6.10
4.75
4.09
4.60
5.23
4.71
4.29
4.80
6.00
5.86
6.25
7.85
7.62
5.88
7.93
8.34
6.69
7.52
6.00
7.83
6.24
7.32
6.00
6.32
8.22
5.09
5.58
4.86
6.43
6.29
7.33
6.99
8.73
5.04
5.15
4.93
6.34
7.03
7.95
5.86
7.45
7.86
5.93
7.35
7.11
7.28
6.02
6.03
6.66
7.67
6.43
5.59
7.04
7.13
7.70
6.10
6.17
5.88
5.12
4.80
5.08
5.26
6.80
6.42
6.06
6.70
6.75
7.87
8.00
6.10
6.64
6.42
6.00
5.25
5.28
4.77
4.92
5.74
4.89
6.46
7.04
6.45
7.32
6.09
5.75
7.00
6.52
4.85
6.00
5.70
5.77
7.02
6.55
5.23
6.45
7.36
7.20
6.35
4.80
5.18
4.93
6.39
6.86
8.57
5.25
4.92
6.17
7.50
7.81
8.36
4.77
5.80
6.48
5.50
5.90
8.00
6.10
7.30
6.88
5.50
8.25
7.42
6.25
6.35
7.71
8.32
6.46
6.71
7.15
8.00
7.68
6.46
6.47
7.59
7.15
6.62
7.33
7.17
6.29
6.41
7.50
4.52
4.83
7.06
6.31
7.34
4.00
5.78
6.23
5.55
6.29
6.40
6.29
3.56
8.10
7.20
7.11
5.84
7.77
8.15
4.83
6.01
4.22
4.00
5.92
5.70
4.67
4.08
5.08
5.00
5.00
6.88
6.99
5.57
7.04
4.50
4.09
6.16
7.41
7.43
8.55
8.34
7.87
6.65
5.77
6.42
4.60
6.42
6.66
7.66
6.43
5.03
5.45
3.77
5.10
3.21
4.11
6.82
4.78
8.07
6.37
5.00
6.32
6.84
7.08
7.35
5.20
6.16
5.18
6.67
5.67
5.35
6.45
5.96
5.05
5.00
6.38
6.49
7.77
4.78
5.38
6.55
8.00
3.67
9.37
8.50
6.79
4.80
5.40
5.27
5.02
3.60
5.00
5.19
4.85
6.58
6.36
6.27
3.52
6.62
7.23
6.79
4.67
7.33
6.65
6.06
6.15
5.40
5.28
5.52
6.10
6.16
7.44
6.67
6.71
7.68
8.69
5.75
8.01
7.04
5.33
6.81
7.81
6.10
6.73
5.24
5.96
2.72
6.24
4.94
4.10
6.87
4.31
7.06
7.40
6.51
6.88
5.50
4.33
4.43
4.75
4.18
5.83
7.20
4.86
5.80
6.66
6.43
5.89
7.16
4.62
7.06
5.00
4.75
5.80
6.59
7.00
5.94
7.73
7.75
7.09
6.54
6.37
6.69
7.08
6.02
7.63
7.08
7.67
7.31
7.86
6.25
8.13
7.12
6.83
4.33
4.29
6.62
6.13
5.83
7.59
5.29
5.94
5.90
7.43
6.75
5.14
5.13
4.18
8.50
7.54
5.58
4.00
4.64
5.80
6.50
6.11
6.69
7.17
5.47
7.11
5.79
5.29
8.11
5.79
7.12
5.57
5.14
4.43
6.79
4.95
9.00
6.50
8.00
6.14
7.64
7.04
4.36
4.67
4.32
4.07
3.42
7.44
5.43
7.46
8.14
6.67
6.83
5.58
4.31
7.24
7.72
6.46
7.66
7.25
7.70
6.54
6.51
7.22
5.24
4.56
6.02
7.46
5.46
7.52
5.75
7.09
5.89
4.00
4.67
7.17
6.62
7.78
6.73
4.27
5.38
4.07
5.91
5.27
5.68
4.38
5.10
7.36
6.94
6.13
6.14
6.07
5.55
6.02
7.30
5.90
5.14
4.93
3.82
4.52
6.30
5.75
4.79
4.51
5.48
5.08
5.36
3.85
6.03
5.75
3.95
3.85
3.53
3.67
4.93
5.72
4.24
3.93
6.39
4.68
5.44
5.31
7.56
9.00
6.75
5.00
4.28
7.18
7.14
5.20
5.03
6.16
6.42
5.67
4.00
5.67
5.38
4.86
5.34
6.20
6.33
5.67
6.33
5.67
7.50
6.16
7.63
6.65
4.43
6.14
6.83
3.11
6.00
4.17
4.89
5.11
4.48
3.49
3.28
5.88
5.57
4.85
5.57
5.51
5.40
4.73
7.88
6.57
6.68
8.39
4.14
7.69
7.61
7.38
7.13
5.74
5.60
5.93
6.44
5.00
5.58
5.09
5.33
6.00
5.14
3.33
6.89
5.00
6.05
7.64
8.18
4.17
4.54
4.89
7.72
3.75
6.67
4.25
6.25
7.55
6.28
4.00
5.50
9.15
5.52
4.53
6.81
5.92
7.60
5.62
7.43
5.93
4.54
6.24
6.03
6.78
7.38
7.73
6.17
8.76
5.78
6.47
8.61
6.48
7.93
3.63
4.50
7.17
7.26
5.99
4.42
6.34
6.42
7.00
5.28
7.95
6.89
8.06
7.08
7.23
6.92
6.49
6.91
4.94
4.33
6.27
6.77
6.35
8.20
6.42
5.20
5.00
5.80
6.62
7.34
6.76
7.00
6.00
7.25
7.18
7.83
4.75
5.67
6.20
3.82
6.22
7.61
7.51
5.60
6.54
5.49
5.94
5.75
5.32
4.00
5.06
4.69
6.65
4.97
4.61
3.80
4.20
5.68
6.62
6.43
7.50
5.50
7.00
6.50
5.67
6.43
6.83
6.22
6.62
6.52
6.08
7.72
8.31
4.39
6.09
6.44
5.63
6.70
4.10
5.71
3.36
3.89
6.73
7.71
5.79
3.00
7.38
6.41
6.67
6.33
7.07
7.08
7.03
6.00
5.60
6.11
6.44
6.61
7.80
5.84
3.73
4.40
7.29
4.45
7.92
6.63
6.19
6.13
5.64
7.10
7.18
6.03
6.00
6.50
7.50
6.57
7.48
7.15
5.97
5.47
6.40
8.12
7.08
8.29
3.69
4.50
7.82
6.17
4.67
5.33
4.93
4.87
5.82
4.76
5.81
4.50
6.17
4.55
3.83
8.05
3.92
6.63
7.19
6.50
7.45
7.57
6.65
6.60
6.41
6.27
8.00
7.00
7.33
5.78
6.33
8.17
7.75
6.96
6.68
3.00
3.33
4.21
5.67
5.33
7.72
7.20
6.00
6.66
7.33
5.89
6.89
6.64
8.00
4.22
6.11
6.54
3.91
8.00
2.80
3.65
5.00
5.75
6.85
6.91
6.67
2.91
3.68
7.12
5.22
7.40
7.87
5.67
7.77
5.63
6.81
3.80
4.71
5.08
7.12
7.03
5.28
6.34
6.43
5.00
4.71
6.87
5.99
7.14
5.33
7.72
6.61
5.56
6.20
6.56
6.80
3.27
6.00
4.62
5.64
6.33
4.70
4.70
3.73
5.14
6.00
5.67
7.00
5.04
5.13
5.21
5.67
5.21
7.00
5.08
6.04
5.83
4.81
5.26
5.62
7.44
7.60
8.27
6.95
4.73
5.00
5.31
5.57
4.58
6.00
6.53
6.96
7.50
7.00
7.25
7.69
7.04
9.33
4.35
7.20
6.79
6.82
5.15
6.83
10.00
6.42
4.50
5.67
4.33
6.44
4.86
4.67
5.53
5.43
4.00
3.41
4.39
6.50
6.50
6.00
5.50
5.93
6.10
3.67
5.33
7.16
6.75
4.25
6.67
6.15
7.10
6.82
5.00
5.89
5.90
6.00
5.75
7.18
7.19
7.00
7.25
8.00
7.00
7.25
6.79
6.82
5.86
6.01
5.85
5.82
5.89
5.25
5.00
4.73
5.04
8.00
6.32
6.06
7.00
5.56
6.28
6.76
4.88
8.50
7.00
7.00
8.50
7.33
6.00
8.00
4.50
8.50
3.38
4.74
5.40
6.32
6.00
4.00
3.46
3.00
2.84
3.50
4.56
2.58
3.58
6.59
3.85
6.40
4.17
3.92
4.17
5.24
4.40
6.96
6.95
7.29
7.00
7.05
7.20
6.64
7.18
7.00
5.00
5.24
4.31
4.52
4.67
6.26
5.97
3.54
3.53
5.14
5.63
5.72
6.00
5.79
4.75
4.21
4.25
4.56
7.32
4.44
6.51
5.19
8.60
8.38
6.94
6.35
7.45
5.06
5.14
6.75
9.00
6.91
5.95
6.29
6.53
7.88
5.00
4.67
3.67
7.50
6.61
5.69
5.96
6.39
7.23
8.10
6.00
6.18
3.89
7.16
7.00
7.29
8.10
6.87
4.22
4.89
3.33
5.13
4.86
4.56
7.56
4.83
7.24
6.39
7.28
5.40
9.00
7.50
5.00
6.00
6.56
5.14
7.00
2.75
5.67
7.55
6.47
8.38
6.83
6.50
6.39
6.00
6.74
5.67
4.33
6.34
5.40
7.05
7.25
6.67
8.00
5.97
4.36
5.75
6.76
6.96
6.64
5.29
6.58
1.67
3.00
3.40
7.21
5.67